0
16385
32773
32774
16391
32775
8
32776
32778
11
32779
32780
13
16397
32783
15
32784
16401
17
32785
18
19
16404
32789
32791
32793
16409
32794
26
32796
16413
30
33
32801
16418
34
32802
16419
32804
37
16421
32806
40
41
32810
32813
46
32815
48
53
54
32824
57
61
63
64
65
32837
70
71
32839
32842
75
32844
78
32846
80
81
16465
32850
82
83
84
16468
85
32853
16470
86
16474
90
91
32859
16476
93
94
32862
95
97
32866
99
16484
101
16486
32872
104
32873
32874
16491
109
32878
110
32879
32880
112
16497
115
16500
120
32890
32891
123
16508
32894
127
129
131
16520
137
16522
16523
16524
16525
141
142
16526
16528
145
147
16532
32917
32919
154
156
16541
16543
32929
161
16549
32933
16552
16556
174
32942
32944
177
32945
32951
183
16573
32960
32962
16580
203
206
207
16591
16592
16593
209
32978
210
16595
213
32982
214
215
216
32984
32985
16601
218
16603
16605
222
223
226
16610
227
239
33008
16625
33010
243
33012
16629
33013
246
16630
248
16632
16633
16634
16635
16636
252
16637
16638
33022
16639
33023
255
33024
16641
33025
16642
16643
16644
261
33029
16646
33031
16648
16649
266
267
16652
269
16655
273
33042
275
276
16662
33046
16663
33048
16665
33053
285
33054
16671
16672
33057
289
16674
33059
33060
293
33062
16678
296
33064
33065
300
302
33070
16687
303
16689
305
16691
33075
308
16693
16695
16696
16698
16699
315
317
16703
16704
33089
16705
33090
33091
323
16707
16710
326
16712
330
16714
331
332
33101
16718
334
16719
33104
336
16720
16721
338
33107
342
33110
343
344
346
347
33115
33116
349
16735
16736
16737
16741
33126
359
16743
33127
16744
361
33129
16747
33133
16749
16754
16755
33142
16759
33143
16760
33144
33145
378
33146
379
16766
16767
383
33152
33160
392
394
33167
16785
16788
406
16790
409
33177
33181
16799
33184
16801
16802
33189
16805
33190
16807
33191
16808
33193
33194
33197
33204
16821
16822
439
16824
33210
33213
16831
449
16834
33220
16836
16837
16840
16843
33227
33229
33230
16848
33232
16849
33234
33236
469
33239
16856
16857
33241
16858
16859
33243
16860
16861
16863
33250
33252
485
492
33260
33263
16881
497
16882
33268
500
16885
502
16887
16888
504
16890
506
16891
509
16893
510
513
514
516
33284
33285
518
519
520
522
16906
16907
524
16909
16911
16912
16913
16915
531
16916
33301
16918
537
538
33308
33309
541
33310
33312
16929
16931
16932
16934
16938
556
16940
16941
33326
16943
16946
16950
16952
569
16953
16954
571
16957
574
577
579
16968
16969
585
16972
16976
594
595
598
601
602
33371
603
33372
16990
606
33374
607
16992
33378
612
16997
613
16998
17000
17003
623
33392
33393
629
630
33399
33403
33406
17022
33407
17024
643
33411
33413
646
649
33417
651
17037
654
33422
17040
33429
17046
17049
33434
17052
33437
669
17054
17055
17056
33441
17057
33442
17059
675
17060
33445
17063
17065
682
33455
33456
17074
690
33459
33460
692
17076
33463
695
17079
17082
699
33473
17091
708
17092
17094
17095
17096
17097
17099
17100
716
17101
17102
17103
17106
17107
17108
17112
33498
17115
731
33500
17117
33501
736
740
741
743
33512
33514
747
752
33521
753
33522
755
33523
33524
33525
758
33527
33528
33529
33530
33531
33532
33533
33534
33535
768
33538
33541
33542
33543
17168
33553
33557
33564
797
799
17196
815
816
33585
17204
33588
33589
822
33591
33592
826
33594
17211
827
33595
17212
833
33603
33615
33616
33619
17236
33620
17238
33625
857
17242
33626
33631
33632
33633
17249
33634
17253
870
33640
17259
17264
880
17266
17267
17268
33657
17277
33661
17282
17283
17285
17289
17290
33681
33684
33686
17305
17307
17309
17311
17312
931
932
17317
33704
17321
33707
33709
33710
33713
17334
950
17339
957
33726
33727
17344
33731
33732
17350
17352
17353
17354
971
33739
17356
33740
33741
17358
33744
977
978
33747
17365
981
33750
17367
33753
986
33755
990
33758
17375
33759
17377
17378
994
996
33764
997
33765
998
17384
33771
33772
33773
1005
1006
17392
33776
33777
33779
1011
1012
33780
1014
1015
17400
33784
33786
17402
1019
33789
17405
1021
1025
33794
1026
1030
33798
33799
17417
1033
33802
33803
17421
1040
1042
33810
1044
17428
33813
17434
33821
1054
17440
1057
17441
33825
17442
33826
33827
33829
33831
17447
1063
17449
17451
17453
33837
33838
33839
17455
1074
33843
17460
33844
1077
33846
17462
1079
33848
1082
33850
1083
33852
33853
1085
1087
17473
1092
17477
17480
33864
33865
33866
33867
33868
33869
33870
17488
17489
1108
17492
1109
17493
17495
1111
17496
17497
17498
33884
33886
1119
33889
1125
17509
33895
1127
17513
17515
33899
1136
17522
17523
17524
33910
1142
1144
33912
17528
1147
17531
1150
33919
17535
17536
17537
33923
17539
17541
1161
33929
1163
17547
17550
1167
17552
33941
17557
1178
17564
33949
1183
17567
17568
33953
33954
33955
33956
17573
17574
1190
17575
17576
33961
1197
1198
17583
33969
1201
17585
33975
1207
1208
17593
17596
33983
1216
1217
33985
1218
33986
17607
33991
33992
33993
17612
17614
33999
34000
34001
34004
34005
17621
34006
1239
1240
34008
17625
34009
34010
1245
34013
1246
1248
34016
34017
1250
1251
34019
34021
34023
1256
34027
1265
1266
34036
34037
34038
34039
34041
34042
34043
34044
34045
34046
34047
34048
34049
34050
34051
34052
34053
34054
17671
34055
34056
1288
34059
1292
34061
1296
1297
17682
34067
1299
1301
17686
1303
17691
1311
1314
17700
34084
34085
17704
34091
17707
1324
34095
34096
17712
34097
17714
1335
17724
34111
1343
1348
1349
1352
1354
1356
17740
1358
17742
1362
34130
17746
1364
1365
34135
34145
1377
1378
1381
1383
1385
1388
34159
34160
34162
1396
1397
1398
34167
34169
34170
1402
17787
17789
17790
17791
17792
1408
34179
1415
17801
1417
1418
1421
34190
1422
17809
17811
34198
1430
34199
34202
34203
17819
34204
34206
34208
1440
1441
34209
17826
34210
1442
1444
17828
17832
34217
17834
34219
1451
1452
17836
1454
34222
34223
1455
17840
1457
1458
1459
1461
17845
34231
1463
34232
17850
34236
34238
34239
1472
34240
34241
34242
34243
34244
1477
17861
1478
1479
1480
34249
1481
1482
34251
1483
34252
1488
34263
1496
1498
1501
34270
34273
17891
17892
17893
17894
34279
17895
17897
17898
17899
1516
17900
34284
17901
17908
1525
17910
1530
17914
17916
17918
17922
1538
34306
17924
34308
17928
1545
17930
17932
34316
34317
1550
17936
17938
1554
1555
17941
17942
1558
1559
17944
1561
17946
1563
17948
17950
17952
1570
17954
34340
34341
34342
17960
34345
34348
17966
1582
1583
1584
34352
17970
1587
1588
17972
34357
1590
17974
1591
17976
1592
34361
17978
1596
34364
34367
1600
34371
1603
34372
34373
34374
34375
1607
1609
17993
34378
17995
34379
1612
34380
34381
34382
1614
34383
18000
1617
18002
34387
18003
1620
34388
34389
18006
18008
18009
1626
34394
34397
18013
34399
34402
18018
18019
1635
1636
1640
34408
1641
1643
1645
1647
34415
1649
18035
1651
1653
34422
1655
34424
1657
18042
1659
18044
18047
1666
18052
34437
34440
34441
34442
1675
34443
34444
34445
34446
34447
34448
34450
34451
34452
34453
18070
34454
34455
34456
34457
34458
1691
34460
18077
34461
18080
1697
1699
1700
18085
18086
1704
18088
34473
1708
34478
18094
34480
18096
1715
1716
34485
1718
1722
1725
34495
1729
1732
34500
18118
18119
34504
34505
34506
34507
34508
1740
18124
34509
1743
18128
34513
18129
34514
1748
1749
34518
1751
34521
18138
34522
34524
34525
34529
34530
34531
34532
34533
1767
34541
34544
18162
34548
34549
34551
34553
1786
1787
34556
34557
18174
1792
18176
1793
1794
34566
1799
1801
18187
34571
34572
34573
1805
34575
34576
1808
34577
34578
18195
34579
34580
34581
1814
34584
1817
1818
34586
1819
34589
1822
1824
1827
34596
1828
34598
18214
1830
18215
1831
18216
1832
18217
1834
1835
18220
34605
1837
18222
1839
18223
18225
1841
34610
18227
34612
1846
1847
1848
18233
1849
1850
1852
1853
1854
34624
1861
1862
34630
1863
1864
34632
18248
1865
1866
18253
1869
1871
34640
1872
34642
1877
1879
34649
34650
1883
34652
18268
1886
18270
34654
1887
1888
1889
1890
34658
1891
18275
1892
1893
1894
18278
18279
18280
1896
18281
34667
1900
1903
18288
34674
1909
18294
18295
18297
18298
18300
18301
18303
18304
1921
1924
1925
34695
1928
1932
1933
1935
1937
18323
1939
1940
34709
18326
34711
1944
1945
1946
1948
1949
1950
1951
1952
34721
1955
18339
18340
18342
1959
1961
1962
1964
18352
1968
1970
1971
18355
18358
18361
1977
1978
1981
1982
1985
34753
18370
1986
1987
1988
18372
1990
18375
34759
34761
34762
18379
1995
34764
34766
18384
34769
2003
2007
2009
2010
34781
34783
18399
34784
18401
18402
34787
18404
2021
2022
18408
2025
34793
34794
18415
2031
34800
18417
2033
18419
18420
2036
34804
18422
2039
18423
2040
2041
2042
2047
18431
34815
18432
18433
34827
2060
2064
34832
34833
2066
2067
18451
2068
18452
18453
2069
18454
34839
18456
18457
2073
18458
2075
2076
18461
18462
18464
18465
2082
18466
18467
18468
2085
2088
2090
18475
2092
2093
2094
18479
2095
18483
2103
2105
18491
18493
18495
18503
2119
2120
18508
2124
18512
2129
18515
18520
2138
2140
18525
2153
18537
2155
2157
2160
18545
2164
2166
18551
2168
2170
2172
18557
18558
2174
18560
18561
2179
18569
2186
18571
18573
18574
18575
18576
2193
18577
2195
2197
2200
2203
18588
2205
2206
18590
2207
18593
2210
2217
18603
2220
18605
18606
18607
18609
18611
2228
18615
2235
18619
2236
18621
2237
18622
18623
18624
2240
18626
2244
18630
18634
2251
18640
18641
2259
18643
18644
18646
18647
2264
18650
2267
18651
18653
2269
18655
2271
18656
2273
18657
18658
2275
2277
2284
2290
2291
18676
2292
2294
18680
18681
2297
18684
18686
18688
18691
2314
18701
2319
18705
2321
2322
2323
18709
18711
2327
18713
18715
2333
18720
2336
18722
18723
2339
18727
2345
2348
18733
18734
18735
18736
2353
18741
18742
2359
18744
18748
18750
18751
18752
18753
2371
2372
18756
18757
18759
2376
2378
18763
2380
18764
18766
2382
18767
18768
18769
2385
18770
18771
18773
18774
18775
18776
18777
18779
18780
2397
18781
18783
18784
2400
2402
2404
2406
2409
18796
2414
2417
18802
2419
2420
2423
2425
2433
2435
2437
2439
2441
2443
2445
2448
2451
18836
18838
2456
2457
2458
2462
2463
2467
2470
2494
2496
18882
18883
2500
2502
18887
18888
2510
18895
18896
2512
2513
2514
18900
18901
18902
2520
2521
18910
2526
2532
18922
2540
18931
2549
18934
18935
18937
18939
2555
18940
2557
18943
2559
18945
18947
18948
2566
18950
18951
18952
18954
18955
2575
2576
18960
18961
2578
2580
18967
18969
2586
18972
18975
18976
2593
2595
2597
18982
2601
18987
2603
2604
2606
2609
2613
2615
2616
2617
2618
2625
19010
2628
2630
19031
2650
19035
19037
2654
2661
19045
19047
19048
2666
19051
2668
19056
2673
19058
19060
19062
2678
2687
2688
2690
19078
2696
19080
2697
19084
19086
2703
19088
19093
19094
19095
2712
19097
2716
2719
19103
19104
2721
19106
2722
2723
2725
2726
2728
2729
2732
19117
2733
2734
19119
2736
19125
2742
19127
2744
2746
2748
2750
19139
19142
19144
2764
2765
2766
19151
2768
19155
2773
19158
2775
19162
19166
19167
2783
2784
19168
19169
19170
2786
19171
19172
2790
19175
2791
19176
19177
19178
2794
2797
19185
2802
2807
2815
2822
2824
19211
19212
2829
19215
2831
19216
19217
2833
19218
2835
19219
19220
19224
2847
2851
2854
2856
2858
2862
19258
19262
2883
19271
19275
19277
2898
19284
2901
19286
19287
2903
2907
19293
2911
2914
2916
2920
2922
2923
2924
19310
2930
19322
2939
2940
2941
19333
2951
2956
2958
19345
2963
19352
2969
19353
2970
19355
19356
2976
2977
19365
2983
2985
2987
19371
19372
2994
2998
3001
3005
3006
3009
19393
19394
3010
19395
3011
3012
3013
3019
19403
3027
19413
3031
19419
19420
19421
19422
3049
3050
19436
19441
19442
19448
3067
3068
3071
19457
3074
3076
3078
3080
19474
3090
19475
19481
3097
19482
3099
3108
3110
3111
19497
3116
19505
3126
19512
3132
19522
3142
3143
19528
19539
19540
19541
3158
19543
3160
19544
19545
3168
3170
3180
19564
19565
3184
3185
19570
3186
3187
19571
3194
19579
3196
3197
19581
3201
19586
19588
3207
19592
3209
19594
19596
3224
3226
19610
19611
19614
3230
19617
19620
3239
3241
19627
3243
19629
19630
3246
19631
19632
3248
3249
19634
3250
19635
3251
19636
19639
3255
19644
3261
19646
19649
19650
19655
19659
3275
19660
19661
19662
3279
19663
19664
19665
3282
19666
19667
19668
19669
19670
3286
19671
3289
19674
19675
3291
3292
19678
19680
19682
19684
19687
3304
19689
19690
19692
3308
3310
19696
19697
3313
3316
3317
19703
3319
19705
3322
3323
3325
19710
3326
3328
19712
3330
3331
3332
19718
3335
19720
19721
3338
19723
19725
19729
3345
19731
3348
19733
19735
3352
3353
19738
3356
19740
19743
19744
19745
3361
3362
3366
3367
19753
19755
3375
19759
3376
19760
3380
19764
19767
19772
19774
19776
3395
3396
3397
19781
19783
19784
19785
19786
3408
19792
3414
19801
3417
19803
3423
19810
3426
3427
3428
19813
3430
19818
19819
3437
3440
3442
19830
3449
19839
19840
19841
3457
3458
19842
19843
19844
3461
19845
19846
19849
19851
19852
19854
19855
19856
3472
19858
19859
19862
19864
19865
19866
19867
19874
19877
19879
3500
3504
19890
3508
19894
19895
3512
3514
3524
19909
19911
3533
3534
19924
19925
3543
19928
3545
3547
19933
19934
19935
19936
19937
19938
19939
19942
3560
19948
3569
3570
3571
19956
19958
3574
3576
19960
3577
3580
19964
3581
19966
3582
3584
3585
3586
3587
3588
3591
3595
3597
19983
3600
19987
3605
3607
3609
19994
3628
3631
20016
3635
20019
3637
3640
3641
3642
3643
3646
3648
3649
3650
3651
3653
20039
3656
20040
20046
20048
20049
3665
3666
20050
3667
3670
20055
3671
20057
3673
20059
20060
20062
20063
20065
20066
3682
20068
3686
3687
3689
20074
20075
3693
3694
20079
20080
3697
20082
3699
20084
20086
20087
3705
20092
20093
3711
3713
20098
3715
20100
3716
3717
20102
20104
3721
3722
3724
3727
20121
20124
3740
3741
3742
3743
3745
20129
20130
3754
20139
20140
3756
20142
3758
20143
3759
20144
3762
3766
3769
20153
3772
20158
3774
20163
3781
20166
3783
20167
3786
3791
3793
3795
3797
20183
20184
3802
20187
3805
20192
20195
20197
3813
20200
20201
3819
20209
20214
3831
20220
3837
20222
3839
20225
20226
20227
3843
20229
3845
20230
3848
3850
3852
20238
3855
20239
20240
3856
3857
3863
20248
3864
3865
20250
3866
3867
3869
3870
3872
3873
3874
3878
3882
20270
3889
3891
20276
20277
20278
3895
20279
20280
20281
20282
20283
20284
3900
20286
20288
3905
20289
20290
3910
3911
3917
3919
20309
3926
20310
20311
3928
20312
20314
3930
20318
20320
3937
20322
3940
20326
3944
3945
20330
3947
3948
20332
20334
20337
3960
3963
3965
20351
20352
3968
20353
3974
20360
20363
3979
20364
3982
20368
20371
3988
20373
20374
3994
20380
3997
20381
3999
4000
4002
20387
4003
20389
4005
20391
4009
20395
4013
20397
4016
4018
20406
20408
20409
20411
4028
20412
4031
20423
20426
20428
4045
4057
4058
4060
4061
20449
4066
20456
4073
20460
4076
4089
4090
20474
20475
4092
20480
4099
20483
4100
4101
20485
20486
4103
20487
20488
4105
20489
20492
20493
20494
20499
4117
20501
20503
4119
4128
20514
20519
20521
4140
20525
4141
4143
20527
20530
4150
4151
4152
20536
20537
20538
20540
4158
20543
20545
4162
20547
4164
20553
4172
20558
4176
20564
4181
20566
4182
4184
20568
20569
4185
20574
20575
20576
20577
20578
20579
4195
4197
20582
4198
4199
20584
20585
4202
20587
20589
20590
20591
20592
20593
4210
4211
4216
4218
4220
20605
20606
4225
20612
20614
20615
20616
20617
4234
20619
4235
4237
4238
4240
20625
4246
20630
4247
4250
20634
20635
20637
4254
20641
20644
20645
4262
20647
4265
4267
4270
4272
20658
4276
4281
4283
4284
20671
20675
20681
4298
20684
4302
4304
20689
4305
4306
4307
4308
4309
4313
20698
20701
4318
20702
20705
4324
4326
4328
20714
20716
4332
20718
4334
4335
4336
20721
20723
20724
4342
4348
20732
4350
4351
4353
4354
4360
20746
20747
4364
20748
20750
4367
20758
20759
20761
20768
20769
20771
4388
20773
20775
20777
20779
20781
4400
20785
20789
4408
20793
20795
4414
4418
20803
4420
4422
4424
4431
4432
4433
4435
20827
20828
20829
4445
20830
20831
4449
4451
20837
4464
4466
4468
20858
20859
20869
4488
4496
20882
20883
4499
4503
20892
4508
20897
4517
20906
4525
4534
4537
20924
20926
4552
4553
20942
4560
20946
20947
4563
4564
4566
4568
4569
20954
4571
4573
20957
20958
4575
20959
4578
4579
4580
20965
4581
4582
20967
4583
4584
20969
4586
20972
4589
4591
4593
4594
4596
20980
20981
4597
20985
20986
4603
20987
4604
20989
4606
4607
4608
20996
20997
20998
4616
4618
4619
4620
4622
21007
21009
4625
4626
21011
4628
21012
21013
21014
4631
4633
21018
4634
4636
21020
4637
21022
4639
4640
21025
4642
21028
4646
21032
4649
21034
4651
21036
4652
4654
21038
21040
21041
4657
21042
21044
4661
21046
4664
21048
21052
4670
21056
4672
4674
4676
4677
4678
4682
21067
4684
4685
4686
21070
4687
21072
4688
4690
21075
21076
21077
4695
21081
4697
4698
21083
4699
4702
21086
21087
21088
21089
21093
4710
21097
21100
4716
21103
4719
4720
21104
21106
4722
21107
4723
21108
21110
21111
21112
4728
21113
21114
4730
4731
21116
4733
21117
21118
21119
21120
4736
21121
21122
21123
4742
21129
21130
21131
21132
21133
4750
21134
21135
21136
4753
21137
21138
4754
4755
21139
21140
21143
21145
21147
4764
4765
4766
4767
21151
4769
21153
21155
4772
21157
4774
21159
4776
4777
21161
21163
21165
4781
21167
4785
21169
21171
21173
21175
21177
21179
21181
4797
21183
4800
21185
4801
4802
4813
4817
4818
4819
21206
4822
21207
4824
21209
4827
4833
21221
21222
4838
21223
4839
21226
21229
21230
4847
21231
4849
4851
4853
21238
4855
4859
4863
4865
4867
4869
4873
21263
4880
21271
21272
4889
4893
4894
21278
4895
21280
4898
21284
4900
4902
4904
21290
21292
4913
4915
4917
4918
21305
21307
4932
4934
21327
21331
21333
4955
4961
21348
4966
4968
21359
21380
4996
4999
5003
5004
21389
5005
5006
21396
5015
5017
5018
5019
21403
5020
5021
5025
21410
5026
5027
21415
5033
5035
5037
5039
5040
21426
21433
5064
5065
5067
5068
5069
5070
5072
5074
5075
5080
21464
5090
5091
21477
5093
5094
5095
5096
5097
21481
5098
21483
21484
5100
21487
21490
5107
5108
21497
21499
21500
21506
21507
21512
5128
5131
21518
5138
5139
5140
5143
5148
5153
5154
5156
21543
5160
5163
21549
5170
21558
21559
21560
5177
5178
21562
5181
21565
21566
5183
21568
5185
21569
21570
21571
5188
21574
5190
21578
21580
5199
5203
21588
5205
21590
5207
5211
5213
21602
21605
21606
21607
5224
21610
5227
5229
21614
5233
21619
21621
5238
21622
5239
21623
21625
21626
21627
21628
21629
5245
5246
21630
21633
21634
5250
5251
5253
5256
5257
5259
21645
5262
21647
21649
21650
21651
21652
21653
5269
5271
21656
21657
21663
5279
5285
21673
21676
21680
21682
21689
21690
21692
21693
21695
21701
5322
5327
21711
5332
5342
21727
21729
21731
5353
5358
5360
5366
5367
5368
5369
5371
21765
21767
21770
21771
21774
5393
5396
5400
5402
5403
5407
5412
21797
21801
5418
5424
5425
5428
5429
21816
5436
5439
21827
21828
5444
21832
5448
5449
5450
5451
5452
5453
5455
5458
21842
5463
21848
5470
21856
21859
5477
21862
5480
21865
5482
21868
5484
21870
21871
21872
5490
21874
21875
21876
5493
5495
21880
5497
5499
21883
5501
5503
21887
21888
5507
21891
21894
5511
21898
5516
5517
21902
21904
5525
21909
21916
21917
5533
5534
5537
5541
5543
5544
21933
5550
21940
5558
5567
21955
21956
5573
21958
5574
5577
21961
5578
21963
21971
5590
21977
21980
5603
5606
5607
21991
5614
22000
22001
5617
22007
5623
22008
5625
5630
5633
5634
22021
5644
5646
22031
22033
22047
22055
22059
22062
22067
5685
22070
5686
22071
22072
5690
5693
5694
5695
5696
5699
22085
5701
5705
22094
22097
5715
22105
22107
22110
22111
22112
22114
5730
22115
22116
5733
5734
22120
5741
22126
5746
22132
22136
22137
5760
22149
5768
5769
5770
22155
5772
5773
5774
22161
5781
5785
5787
5797
5805
5810
5811
5813
22198
22200
5818
5820
5824
5826
5828
5830
22215
5832
5833
22218
5834
5835
22219
5836
22220
5837
22221
22222
5839
22223
22224
22225
5841
5842
5843
22227
22231
22241
22242
5859
22243
22244
22245
22246
22247
5865
5867
5869
5871
22255
22257
5873
22259
5876
5878
22264
22265
22266
5883
22269
22271
5888
5891
22277
5893
22279
5896
5897
5899
22284
5901
5903
5905
22289
5907
5909
22293
5911
5913
5915
5917
22302
5919
5921
5925
5927
22312
5930
22316
5933
5941
5946
5948
5950
5952
5954
5956
5958
5961
5962
5963
22348
5965
5973
5974
22367
5983
5986
22371
5988
5992
22377
22378
5994
5996
22380
22381
5997
5998
22383
6001
22387
22390
6008
22394
6010
6012
22398
6014
22400
22401
22402
6020
22406
22408
22409
22410
22411
6027
22412
22414
22415
6031
22416
6032
22417
22418
6034
22421
6039
22423
6041
22425
6042
22427
22429
22433
22434
6053
22437
22438
6055
22440
22441
22444
6062
6071
22460
22461
6080
22467
6087
6092
22479
6096
22482
6101
6102
22489
6105
6107
22492
22496
22497
22504
22510
22513
22515
22518
22521
6146
22533
6152
22537
6154
6156
6158
6161
6162
6163
6165
6168
22552
22555
6171
22558
6174
22561
6177
6178
22569
6186
22574
22578
6200
22586
6208
6225
22612
6231
22617
22619
22626
22632
22634
22642
22644
22646
22648
22651
22653
22656
22663
22668
22669
22671
6289
22674
22679
22682
22691
22692
22693
6311
6315
22700
22714
6336
6337
6340
22728
6349
6352
22741
22742
6359
22744
22745
22747
22748
22749
6374
22760
6378
6379
6384
22770
22771
6389
6390
22775
22776
6396
22787
6403
6405
6406
6410
22795
6415
6417
22802
6420
22805
6422
22807
22811
6432
22819
6435
6438
6439
22826
6444
6446
6448
22832
22854
6471
22857
22859
6482
22867
22868
6485
6491
22877
22884
6503
22888
6504
6509
6510
22895
6513
22898
6514
6518
6520
6523
6524
6526
22910
22915
22916
6538
6539
22925
6545
6546
6551
6555
22950
6566
22957
6581
6583
6585
6587
22976
6594
22979
6598
6599
22987
6609
22995
6616
6617
6623
6625
6628
23019
23023
23025
23027
23029
6649
23036
6654
6655
23040
23041
6661
23045
23048
6665
23049
6670
6674
23059
6675
23060
23061
23074
23095
23097
6715
6726
6731
6741
6746
6747
23132
6752
6756
6757
6759
6761
23147
23154
6773
6777
23163
23164
6782
23167
6784
6785
23169
23172
23178
6800
6802
23186
23189
6808
6810
23194
23198
23199
6815
6821
6822
6823
23207
6826
6828
6850
23239
23240
23241
23243
23244
23245
23248
23249
23250
23251
23252
6869
23253
23254
23255
23260
6876
6877
23265
6882
6886
23274
23275
6892
6894
23279
6898
6899
6900
6902
6905
23290
6907
23293
23295
6921
6924
6925
6929
6931
6934
23322
6941
23329
23330
23332
23334
6954
23338
6959
6960
23348
23349
6966
23352
23354
23356
23362
6979
23371
6991
6992
6993
23380
6998
7000
7004
7005
23389
23390
23392
23393
7010
23394
7011
23395
23399
7015
7017
23403
23404
7021
23405
7022
23406
23407
23408
23411
7027
7030
7032
7035
7038
7041
7045
23430
7047
7053
7054
7057
7059
23443
7062
7063
23448
7065
7066
23450
7068
7069
7072
7074
7075
23460
7077
23463
7080
23465
7083
23467
23469
23470
23474
23477
23483
23484
23492
23494
23505
23518
7141
23526
23527
23528
7146
23531
7153
23539
7155
7159
23544
7164
7168
23556
7172
23559
7176
23560
23563
7180
7182
23566
7188
23579
7197
23584
23587
23594
7214
7215
23602
23603
7220
23605
23606
7226
7234
23620
23621
23627
7244
23631
23632
23634
7251
7252
23637
7256
7262
23646
23648
7265
23652
23661
7282
23669
7286
7294
23678
23680
23683
7299
7301
7306
7307
7312
7314
7315
7318
23707
23708
23709
23710
23711
23712
7330
7335
23720
7342
7345
23731
7349
7350
23735
7358
7359
23749
23751
23753
7371
7373
7374
7385
7386
7387
7391
7397
23783
7399
23784
23785
7401
23788
23789
7406
7407
7418
7429
7430
23819
23822
23826
7446
7447
23833
23834
23835
23838
7456
23842
23847
23848
23851
7471
7472
23856
23867
23871
23873
7493
23877
23879
23882
7498
23888
7511
7512
7514
7515
7516
7517
7518
7519
7520
23904
7522
7524
7526
7528
7533
7535
7536
7538
7539
23923
7543
7544
7546
7547
7549
23934
7552
7553
7554
7556
23942
7559
23944
7561
7562
7568
23954
7572
23961
23962
23963
23964
23965
7582
7583
23970
7586
7589
7591
23977
23980
7604
23990
7607
7612
23998
7615
24001
24008
7624
7625
7628
7633
7635
7638
7652
24036
7654
7657
7660
24047
24048
24049
24050
7668
24057
7673
7677
24061
7680
7682
24073
7692
24078
7696
24080
24082
24084
24085
24086
7703
24088
7706
24091
7714
24101
7719
24103
24104
7720
24109
7727
24112
24114
7731
24116
7732
7734
7735
7736
7737
24125
7742
24127
7743
7744
7745
7747
7749
7750
24135
24136
7753
7754
7755
24139
24140
24145
24147
7764
24150
7766
24152
24153
7770
7771
7774
7776
24161
7778
24163
24164
7786
7792
7794
7795
24180
7796
7797
24181
7799
7801
7802
7803
24187
24189
24191
7808
24192
24194
24196
24201
7824
7832
7833
7835
7836
24222
24224
7848
7849
7855
24239
24241
7860
24245
24249
7868
24252
24254
7871
24276
24277
24283
24285
24287
7903
24290
24291
7914
7916
7926
7929
7932
7934
7944
7947
7951
7952
7953
24337
24338
7958
24342
24343
7960
24345
7961
7962
7963
7964
7966
7973
7981
7982
7983
24369
7987
24371
7988
24376
24377
24386
24390
24391
24392
8011
8013
24397
8014
24399
8017
24404
24405
24406
24412
8029
24417
24419
8036
24420
24422
24425
24426
24428
24430
8047
8049
8053
8057
24441
8058
24442
8059
24443
8060
24444
24445
24446
8062
24447
8065
8066
24450
8069
8070
8073
24461
8086
8087
24472
8089
8090
24487
24491
8117
8118
8121
24505
24507
8123
8124
24508
24509
8125
8126
8128
24512
24513
24514
8130
8132
24516
8134
24518
24520
8136
24521
8139
24523
24524
24525
24526
8143
24528
24529
24530
24532
8151
24535
24539
8157
24545
24547
8163
8169
8170
8171
24555
8172
8174
8176
8177
8179
24563
8181
8184
8187
8189
8191
8192
8193
8195
24580
8197
8198
24582
8202
24589
8206
8210
8211
24596
24598
8214
24609
8233
8235
8237
8242
8245
8247
24631
24633
8249
8250
8251
8252
24642
24643
8260
24644
8262
24646
24649
24652
8269
24653
8272
24656
8283
8291
8294
8303
24688
8309
24694
8318
8322
24707
8332
8338
24722
24724
24727
8344
24728
8347
24734
24737
24742
8362
24747
24750
8366
8367
8370
24758
8376
8384
24775
24778
24779
24782
8399
24783
24784
24785
8410
8412
24817
8433
8435
24821
24823
8440
24824
24826
24828
24830
24831
8447
24834
8450
8451
24836
8453
8455
24845
8466
24850
24854
8472
24857
8473
24859
8480
8482
8486
8490
24875
8492
8493
8495
8504
8506
8509
8511
8513
8516
24901
8518
8520
24908
8526
8527
24925
24926
8546
24931
24936
8553
24937
24939
8555
8556
24956
24961
8592
8594
8596
8604
8608
24992
24994
8612
24998
24999
25006
25009
25012
25013
25014
8630
25030
8647
25031
8648
25032
8649
8650
8653
8654
25039
8658
8659
8661
8662
25048
8665
8668
8672
8673
8674
8675
8678
8679
8681
8683
8686
8688
8690
8694
25087
8705
8706
25098
8718
8720
25113
8731
8733
8735
8740
25125
25126
8744
8751
8752
8758
8762
8763
25150
8774
8775
25159
25160
8776
25165
8781
25167
8785
8786
8787
8791
25175
25176
25179
8795
25181
25182
8799
8800
25184
25186
25188
8805
25189
8806
25190
8809
25193
8810
25195
8815
8816
8819
25207
25209
8827
8830
8831
25219
25222
25225
25226
25227
8845
25231
8850
8854
8856
25240
8857
25247
8864
8874
25259
8875
25261
8878
8880
8881
8883
8889
8893
25277
25287
25290
25291
25294
8910
25298
8916
8919
8922
25308
25311
25313
25315
25318
25319
25320
25324
25325
25326
8943
25327
8944
8945
8946
8948
25333
8950
25350
25351
8970
8971
25360
8982
25367
25368
25371
8992
25377
25380
25385
9002
25388
25393
9009
25394
9011
9012
9014
25399
25400
25401
9018
25402
25404
9023
25407
25410
9029
25414
9032
25421
25422
25423
25424
25425
9045
25431
25439
25443
9072
25457
25460
25481
25483
9108
9109
25494
9113
25506
25509
25514
25519
9136
25521
9142
25527
9143
9144
9145
9155
9161
9163
9165
9166
25554
25555
25556
25557
9174
25558
25559
25561
25563
9184
25570
9189
25575
25580
25583
25584
9200
25585
9203
9204
25589
25590
25592
25593
25594
25595
25597
25599
9217
25604
25605
25606
9225
25610
25611
25612
25613
25616
25617
25618
25621
25626
9243
9244
9246
25633
9251
9252
9254
9255
25640
9258
25642
9263
25647
25648
25649
9266
9268
25653
9269
25654
25655
9271
25656
25657
25658
25665
9282
9283
25670
25674
25675
9291
9308
9310
25696
9314
9316
9318
25702
9320
25705
9322
9323
25707
9327
9330
25716
25722
9340
25725
25726
25727
25731
25732
25733
25736
9363
9364
9366
9371
9373
25758
9378
9380
25765
9382
25766
25768
9385
25769
9386
25770
25771
9387
25773
9389
9390
25776
9394
9395
25781
25782
9399
25785
9404
25789
9407
25791
9408
9410
25795
9411
25796
9413
25799
9415
25802
9419
9421
25806
9424
25809
9426
9428
9431
25817
9433
9436
25822
9439
9442
9445
9447
9449
9454
9456
25841
25848
9464
25851
25852
9469
25854
25855
9471
25857
9474
25861
25864
9480
25866
9486
25873
25874
25875
25877
25878
25879
25880
25881
25886
9504
9506
25909
25913
9531
25915
25920
25924
25926
25933
25935
9552
9554
25948
9569
25953
25958
25960
9582
9584
9585
25969
25971
25973
9590
25974
25975
25976
9593
25977
25978
9595
25979
9597
9598
9600
25985
25986
25987
25988
25989
9606
25990
25992
9610
9611
9617
26006
9623
26008
26010
9632
9633
26017
9637
26022
9638
9639
9640
9643
9645
9646
9649
9651
26039
9662
26051
9668
26055
9672
9674
9676
9679
9680
9681
9682
9686
26070
9687
26072
9690
9692
9700
9705
9706
9713
26099
9721
26106
9726
9727
9730
9738
26131
9748
9755
26140
26142
9763
9764
26159
9779
9781
9785
9786
9791
9793
9796
9802
9806
26191
26192
9810
9811
9812
9813
9816
9818
9819
26209
9825
9827
9829
9831
9833
9836
26221
26222
26223
9846
9850
9851
9852
9853
9854
9855
9862
9865
26249
26250
26251
9868
26254
9876
9877
9882
26270
9887
26271
9889
9894
26280
26284
9900
26290
26291
26293
26294
9911
9913
26300
26308
9924
26311
9930
26323
9942
26326
9944
9945
9946
26331
9947
26332
9948
26333
9949
26334
9950
9952
26336
26350
9967
26351
9968
26352
26353
9969
26358
26365
26368
26370
26380
26384
10003
10004
26389
10005
10006
10007
26391
10008
10009
26394
10016
10019
10021
26406
10023
10025
10028
10030
10032
10033
10034
26419
26421
10038
26422
26424
10044
10045
10046
10047
10048
10049
10050
26440
10058
10059
10061
26446
26448
10065
26450
26451
26454
26457
26458
10074
26460
26465
10088
26475
26480
26481
10097
26486
26489
10105
10113
10115
10117
26502
26503
10123
26513
10130
10133
26518
10142
10147
26531
10149
10156
26548
26550
26555
10173
10174
10178
26563
10181
26565
26566
10183
26568
10185
26569
26571
26572
26575
10193
26578
10195
26580
10199
26584
10205
10207
26593
10209
10214
10215
10216
10218
10222
10227
10235
10244
10250
10257
10258
10261
26645
10266
26656
10272
26657
26659
26660
26661
10278
26663
10280
10283
10286
10288
26672
26673
10289
26674
26676
10292
26680
26682
10299
10301
10302
26689
10306
10314
10315
26701
10318
10320
10328
26713
26715
26723
26725
26727
26732
26733
10353
10359
26757
10375
26761
26764
10387
26791
26792
26806
26807
26808
26810
10430
10431
26819
10438
10441
26826
10444
26828
26836
26840
10459
10463
10465
26855
26856
10475
26875
10492
26876
26877
26878
10494
26879
26880
26881
10505
26892
26894
26895
26901
10524
10526
10527
10528
10532
10533
10535
26921
10537
10551
10553
26941
10559
10563
10564
26950
26955
10573
26957
10574
10575
10578
10580
26969
10590
10600
26984
26987
26988
10605
10608
10616
10624
10631
10632
10633
10639
10643
10647
27033
27040
27041
27042
10659
10660
27046
27047
10664
27048
27050
27052
27053
10671
27055
10672
27056
27057
10673
10674
10675
27060
10679
27066
10683
27068
27070
27071
27073
27074
27077
10694
27083
27085
10701
10702
27088
27091
10710
27096
10714
10715
10716
10718
10719
10720
27108
27111
27116
10737
10739
10740
27125
10742
10748
27133
27136
27137
10755
27140
27143
10760
27146
27149
10766
10768
27160
27164
10781
27168
10784
27170
10787
27171
10789
10792
27177
27178
27181
27182
27185
27186
10803
27188
27189
27190
27191
10808
10810
10811
27195
10812
27196
10813
10814
10815
27199
10816
10817
10818
10819
27204
10820
27206
10823
27207
10827
27212
10828
10830
27218
10835
27223
10855
27242
27243
10861
27246
10864
10865
10866
27255
27256
10873
27261
10882
27266
10884
10885
10886
10887
27272
10888
27274
10892
27279
10901
10902
27287
27288
27292
10908
27294
10911
10912
27296
10913
27298
27299
10917
27303
10921
10922
27309
27310
10926
27313
10930
10932
27316
10933
10934
10937
10938
10939
27324
10941
27326
27327
10943
27329
27331
27335
10952
27336
27338
10957
27344
27347
27352
10969
27356
10973
27359
10975
10977
10979
27366
27367
10989
10991
27375
27376
10992
10993
10994
27379
11002
11004
11006
11013
11017
11019
11020
11021
11023
11025
11031
11032
11037
27423
11043
11047
27431
11048
11049
11052
11053
11056
27440
27442
11058
27446
11063
11064
11065
11066
11067
11068
11069
11070
11078
11080
27464
11081
11083
11085
11091
27478
27480
11096
27481
27484
27485
27486
27488
11104
27489
11106
27490
27492
11108
11109
27494
11111
27495
11112
27497
11114
27499
11115
11118
11120
11121
27513
11131
11134
27521
27522
27524
11146
27530
11150
27536
27538
27544
27545
11161
27546
27554
27555
11172
27556
11175
11177
11179
27566
11187
11188
11191
11192
11194
11203
27594
27598
27600
27601
11223
11224
11226
11227
27613
11229
27614
11231
27617
27618
27619
11236
11246
27631
11255
27646
11269
11270
11271
27660
27666
11282
27667
11283
27668
27669
27671
11291
27679
27682
27683
27684
11303
27695
27696
11312
11314
27703
11322
27708
27712
27715
11336
11342
11346
11350
27740
27741
27750
27752
11370
11377
27763
11379
11381
11383
27770
27771
11391
27782
27784
11401
11402
11404
27789
27790
11408
11409
11415
11419
11420
27805
11423
11425
11428
11429
11432
11438
27822
11439
11446
11451
11452
27840
27845
27849
27850
27852
27853
27863
27866
27867
27868
11486
27870
27871
11491
11493
27884
11503
27896
27908
27909
27914
11532
11536
11537
11539
27925
27927
11544
27928
11545
11546
11547
11551
11552
11553
11554
11555
11556
11557
11558
11559
11564
11568
11570
11572
11578
27963
11580
27965
11582
27967
11584
27969
11586
27971
27973
11590
27975
11592
27976
11594
27978
27979
11596
11598
11599
11601
11603
11604
27989
11605
27991
27995
11618
11619
11623
11624
11625
11626
11627
11628
11629
11630
11631
11632
11633
11634
11638
11648
11657
11658
11659
11666
11667
11668
28057
11674
11675
28059
11676
28060
11677
11679
11680
11682
11688
28073
11692
28078
11694
11696
11708
28095
11712
11713
28098
11715
11718
28103
28105
11722
11725
11726
28117
28118
28120
11743
28127
11744
11745
11747
11749
28139
11761
11769
11771
11773
11793
11796
11799
11801
11807
11815
11819
11822
11824
11833
11834
28218
28219
11837
28222
28226
28228
11851
11856
11859
11861
11862
11863
28256
11872
11876
28270
11888
28277
11893
11899
28283
11902
28290
11907
11910
28295
11913
11914
28300
28302
11921
28308
11925
28309
28312
28313
28314
28315
28316
11933
28318
11935
28320
28321
28322
11939
11950
11951
11955
28340
28341
28342
28345
11964
11966
11970
11972
11976
11978
11979
11981
11982
28366
28368
28371
28374
28376
11993
28380
11997
28382
11998
28385
28387
12004
28388
12005
28390
12007
12011
12018
28403
12023
28409
28410
12028
28412
12030
12031
12032
12035
12043
12044
12045
12048
12052
28437
12057
12061
12062
12063
12072
12075
12081
12083
12085
12087
12088
12089
12094
12095
12103
12105
12106
12109
12111
12112
12114
12116
28500
12119
12122
28509
28510
28511
12137
28524
28525
28532
28533
12150
28541
12158
12165
12167
12171
28557
12174
28559
28560
28563
28565
12181
12182
12184
28568
12190
12192
12194
12198
12203
12204
12207
12211
12213
12214
12217
12220
12221
12224
12234
12238
12245
28631
12249
28635
28636
12253
28637
28638
12257
12259
12260
12261
12263
12264
12265
28650
12268
12271
28656
12272
12273
12275
12281
12285
12289
12292
12294
12301
12303
12305
12309
28697
28698
28701
12318
12320
28705
28708
12329
12332
28718
28721
12345
28731
12348
28732
12352
12353
28738
12355
12360
12362
28750
12367
28752
28755
28762
28766
12385
12386
28780
28794
28795
28802
28803
12419
28804
12425
28813
12431
28818
12436
12445
12446
28831
12448
12451
28839
12457
28842
12459
12460
28849
12467
28852
28853
12476
28865
28867
28869
12486
28872
28873
12493
12496
28882
12498
28883
28887
12503
28894
28903
12520
12521
12525
28915
12535
28920
28923
28924
28925
28939
28943
28955
28957
12576
28965
12581
28966
28967
28973
28974
28985
28986
28988
28990
12608
28993
29011
29014
29015
29016
29022
29024
29028
29029
29034
29036
29038
12659
29044
12660
12661
12662
29046
12665
12666
12667
12668
12669
12673
29060
29062
29066
29070
12690
12693
12694
29084
12701
12704
29092
12709
29093
12712
12713
12717
12719
12720
12723
29108
29109
12728
12729
12730
29129
29130
29131
29132
12751
29136
12753
29137
12755
12756
12758
12760
12761
12762
12763
29148
12764
12768
29152
12769
29154
29155
29159
29171
29174
12793
29179
29180
12799
29184
12802
29197
29207
29210
12827
29216
12837
29224
12842
12843
12844
29229
12847
29242
12858
12868
29259
12875
12879
29271
12899
12900
29288
29289
29291
12908
29295
12912
29298
12915
12916
29300
12917
29302
12921
29308
12927
29315
12933
12935
12936
12937
12938
12939
12943
29329
12945
12947
12948
12949
12950
29334
12951
29337
12954
29341
12958
29344
12961
29349
29365
12984
12990
29375
12993
29381
13001
13002
13006
29397
29402
13021
13022
13025
29409
13026
29411
13028
29416
29418
13035
13039
29424
13041
29443
13062
13067
13071
13079
29470
29475
29476
13097
13101
13103
13110
13113
13117
29510
13126
13128
29512
29513
29514
29515
13144
29538
13156
13158
13159
29544
13161
13163
29550
13171
13174
29564
29566
29568
29570
13188
13190
29575
29576
29580
29583
29585
13204
29588
29590
29594
29595
13219
13225
13229
13239
13241
29632
13249
13250
13254
13255
29643
13264
13266
13268
13269
29654
13271
13272
29657
29658
13277
13278
29663
29664
13282
13295
13299
29683
29686
13304
29689
13307
13311
29714
29716
13335
13346
13347
13352
29737
13353
13355
13359
29747
29749
13367
13368
13370
13373
29770
29771
29772
29773
29774
13393
13396
13398
13400
13401
29786
13404
13406
13408
29793
29795
29796
29797
13414
13415
13421
13425
29809
13429
29813
29814
29815
13432
13434
13435
13439
13442
13445
13450
13451
29839
29841
29845
29849
29851
29852
29861
29862
29870
13486
29873
29877
13495
29883
29885
29891
29903
13522
29907
13523
13524
13528
29914
29915
13534
13540
13550
13551
29937
29938
13560
13570
29959
13579
13581
13583
13585
13587
13590
13591
13605
13606
13607
13612
29998
13615
13617
30004
13623
13624
13625
13626
13627
13628
13629
13630
13631
13632
13633
13634
13635
13636
13637
13639
13642
13646
13647
13648
13652
13653
13654
13656
13658
13659
30044
13660
13661
13663
13664
13665
13666
13671
13673
30062
30065
13684
13685
13698
13701
13706
13714
13718
13719
30105
13725
30117
13736
30126
30136
13754
30141
30145
30146
30151
13780
13786
13787
13788
30174
30175
13797
30183
13801
13805
13808
30199
13816
30201
13818
13820
13823
30211
30212
30213
30215
13836
13838
30224
13845
13854
30240
13856
13863
13865
13871
30259
13880
30274
13891
13892
13896
13899
13900
13901
13904
13905
13908
30298
13915
30301
13918
13921
13926
13931
13934
13939
13940
13941
13942
13948
13949
13951
13952
13953
13954
13955
13959
13960
13968
13970
13971
13972
13975
30371
13988
13990
13992
13997
14002
14004
14007
30392
14008
14010
14011
14014
30399
30400
30401
30403
14020
14021
14022
14023
14026
14031
14035
14036
14037
14040
30425
14045
30429
30430
14048
14050
14052
14053
14056
30442
14059
30444
14061
14062
14063
30450
14068
14078
30464
30465
14083
14087
30471
14089
14090
30474
14093
14095
14096
14097
14100
30485
14106
14110
14118
30502
14120
30506
14124
14125
14133
14134
14135
14136
30522
30523
30526
14146
14148
14152
14156
14157
14159
30547
14168
14169
14170
14171
30564
14184
14187
30574
14205
30606
14226
14227
30615
14235
14237
30622
14247
14248
14263
30648
14269
14270
30655
14274
14285
14289
14292
30680
14298
14304
30696
30701
14318
30703
14320
30705
14334
14356
14357
30743
14360
14361
14366
14369
14370
14384
14385
14387
14391
14398
14411
14413
14414
14416
14417
14419
14420
14421
30807
30809
14430
14439
14451
30836
14453
14454
14455
14456
14458
14459
14460
14466
14469
14476
30862
14481
14483
30868
14485
14487
30871
14491
14492
14495
30879
30880
30883
30884
14512
30897
14513
30899
14518
14523
14533
30919
14539
30923
30925
14543
30934
30935
30940
30942
14561
14564
14566
30950
14570
14571
14572
14579
14581
30977
30984
14604
14606
14608
14610
14612
14614
14615
14616
14617
14622
14625
31009
14627
14634
14644
14646
14650
14654
31041
31043
14661
31045
31046
31047
14663
31048
14664
14666
31050
31052
31053
31055
31057
31059
31060
31063
31066
31067
31068
31069
14687
31076
31081
31087
31088
31089
31090
31091
31092
31093
31094
31095
31096
31097
31098
31099
31100
31101
31102
31106
31109
31111
31120
31132
31135
14752
31139
31140
14756
31141
14758
14760
14764
14766
14767
31154
31155
31156
31162
14778
14781
14786
31178
14794
31180
14798
31182
31184
14806
14810
31200
14819
14826
31211
31215
31217
14833
31227
31229
14845
31232
31233
31234
31235
14852
31237
31239
31240
31241
31251
14868
14873
14878
14885
31270
31274
14890
14892
31284
31286
14902
14911
31297
31304
31309
31316
31323
31325
14941
14942
14944
31331
14948
14949
31333
14953
14956
14957
14958
14959
31344
14960
14964
14965
14966
14967
14968
14969
14970
14971
14973
14975
31360
14977
31362
14978
14979
31364
14980
31366
31368
31370
31374
14990
14991
31376
14992
14993
31378
14996
14998
31382
14999
31384
31386
15012
15013
15014
15015
15016
15020
15021
15022
15023
15024
15026
31410
31412
31413
15029
31414
31415
31417
31418
31419
15035
31420
31421
15039
15040
15044
15045
31430
15047
15050
15051
15053
15056
15057
15062
31450
31452
15068
15070
15071
15072
15073
15076
31463
31464
31466
15082
31467
15084
15085
15087
15088
15090
15091
15094
15095
15097
15098
31482
15099
15100
15104
15105
15108
31500
15118
15120
15121
15122
15125
15127
15129
31515
15133
15135
15142
15144
15146
31530
15147
31533
15149
31534
15151
31536
31538
15154
31540
31541
31546
15167
15168
31553
15169
15171
31559
31563
31573
15189
31577
31584
31586
31593
31595
31596
31597
15215
15220
31615
31630
31638
31655
31660
31666
31673
15303
15305
31690
15326
15332
15336
15338
15340
15343
15344
15346
15348
15349
31736
31738
31740
31741
31742
31745
15361
15362
31747
31748
31749
15366
15368
31753
15370
31755
31762
15378
31764
31766
31767
31770
31771
31781
31783
15407
15420
31806
31811
15430
15431
15432
15433
15434
15435
15438
31823
15444
31833
31835
15452
31842
15460
31845
15461
15464
15465
31850
15467
15469
15474
31859
15476
31862
15487
31872
15489
15490
31875
15496
15497
31882
15499
15509
31895
15513
15517
15520
15525
15528
31913
15530
31915
15531
31917
15533
31919
15537
15540
15544
15549
15557
31945
15566
15567
15571
15572
15573
15578
15579
15583
15584
15586
31971
31983
15601
31987
15603
15609
31993
31995
15612
15613
32001
32003
32005
32007
32010
15627
32017
15636
32020
32021
32023
32024
32046
32047
32048
32049
32059
32060
32063
32064
32067
32068
32069
32070
32071
32072
32082
32092
32098
32100
32103
32104
32105
32121
32132
32139
32150
32152
32156
32157
32161
32162
32168
32171
32186
32187
32188
32190
32200
32206
32210
15829
15831
15832
15833
15834
15842
15844
15845
15848
15850
15851
15852
15853
15854
15855
15856
15857
15858
15859
32243
32244
15860
32247
15863
15864
32249
15867
15871
32258
32259
15876
32260
15877
15878
15884
15888
15894
32287
32290
32299
32303
32304
32306
32309
32310
32311
32315
32316
32317
32318
32319
15944
32328
15945
32330
15948
32332
15949
32334
32335
15953
15957
15961
32345
32347
32353
15970
32355
15971
32359
32365
32366
15992
32378
15997
16001
32388
32392
32406
16027
32414
32415
32417
32418
16034
16036
32420
32426
16046
32430
16051
32439
16055
32443
32445
32450
32451
32452
16069
32453
32454
32456
32457
32460
32461
16087
32473
32474
32475
32476
32477
32478
16098
16099
32483
32484
16102
32486
32487
32489
32490
32493
32499
16121
32510
32511
32512
32517
16136
32520
16142
32526
16143
16144
16145
16146
16147
16148
32533
16150
16151
16152
16153
16155
16156
16158
16159
16163
16165
16166
16167
16170
16172
16173
16175
16177
16179
32563
32565
32567
16185
16186
32573
16189
16190
32574
32575
16191
32578
32579
16196
16197
32582
32583
16202
32586
32587
16204
32588
32589
16205
32590
32591
32592
32593
32594
32595
32596
16215
16216
16217
32604
16226
16227
16228
16230
16236
16239
32623
16241
32625
16244
16246
32630
32631
32633
32634
32635
16253
32646
16265
32652
16272
16276
16281
32667
32668
32669
16286
32671
32672
16292
32679
16296
16297
16300
32690
16308
32693
32698
32699
32700
32701
16321
32706
32709
16327
32713
32714
32715
32716
32717
32719
32721
32722
16338
32723
32724
32725
32726
16342
16343
32728
16344
32729
32730
32736
16355
16356
16358
32742
16359
16360
16361
32746
32749
32755
32756
32757
32758
16375
32761
32762
32763
16379
32765
16381
16383
32767
