4097
2050
2051
9
12
4108
17
20
21
4118
23
4119
2072
25
26
27
28
4124
29
30
4126
31
32
33
2082
34
4130
2086
4134
2087
2089
2091
2092
2094
4142
2096
2098
51
2100
2102
4150
54
55
58
4157
61
62
63
2113
66
4163
72
73
2121
2122
4170
76
82
4179
83
84
2134
86
4185
89
4186
91
4188
4189
94
95
96
4192
97
4193
4197
101
2150
4198
4199
4200
104
4203
109
115
4216
126
130
4231
2192
4240
144
149
4245
151
4248
154
168
170
2218
171
174
4277
185
186
4283
190
192
4293
4294
4296
200
2251
4301
2258
4309
2263
220
4319
226
227
229
231
234
235
4334
242
243
4340
4341
4342
4343
247
259
261
4359
264
4360
266
4372
4378
4379
4388
2342
2343
4391
2344
2347
304
305
307
4409
2365
318
2368
2369
321
2371
2372
325
328
329
330
4430
347
2396
351
353
357
361
363
2412
4463
370
374
2428
4477
381
4481
4482
2434
386
387
4485
4486
392
4488
2441
394
395
399
2447
400
2449
2450
403
405
2454
2457
2458
2459
2461
413
415
2465
417
4514
419
423
426
427
4530
436
4532
4535
439
2489
4538
444
445
2496
2498
452
2505
458
462
471
472
473
474
477
4574
479
482
483
486
487
488
489
2539
494
496
497
498
2546
2547
506
2558
2560
514
517
519
522
528
531
534
536
539
546
549
553
4652
558
4657
4660
566
4663
2617
570
4668
573
575
4671
576
4673
577
579
4679
4681
4683
588
590
4688
4689
593
596
598
599
4696
603
4699
605
607
609
610
2659
2660
2661
2662
614
615
616
621
2670
623
2672
627
2677
629
630
632
634
635
637
642
643
4740
645
4747
4752
657
660
4762
666
4764
4765
4768
674
2722
675
2723
678
683
2734
2737
691
2743
697
2745
2746
701
2751
706
711
716
717
2768
2769
2770
725
726
731
2780
733
737
2785
741
742
2791
745
2793
746
2796
748
2797
749
751
2803
2807
763
2813
2820
773
775
2830
2831
2834
2836
788
2845
2847
4895
800
2848
804
805
807
2858
4909
4910
815
4912
2868
826
2907
2913
2914
2915
868
2917
2919
2931
4989
2945
4994
4996
5005
2959
5007
917
5014
918
923
5021
928
932
940
950
5051
5052
5053
5054
961
5057
5058
5061
5062
971
974
5070
5071
975
976
982
989
991
3043
3044
3045
3046
998
3047
1000
3048
3050
1003
3052
1004
1009
5106
5107
1012
1013
5109
1014
5110
1015
5123
1028
5125
5126
5128
1036
3084
3085
3086
1038
5134
1041
5138
1043
3091
5142
3094
3096
1050
3100
1053
3103
3104
3105
3106
3108
1060
1061
3111
3116
1068
3118
3119
5168
5172
5173
1079
3128
3129
1083
3135
5183
3136
5184
5185
1092
5191
1097
5195
1105
3154
3157
1113
3162
3163
3164
5213
1119
1123
5222
1127
3175
5224
5225
5227
1134
5233
3187
3188
3190
3191
3192
1147
3195
3197
5246
5250
5252
1157
5255
5263
1175
1182
1183
1184
3235
1188
1189
1193
3243
5294
3247
1200
5296
1203
5301
3254
1206
3256
1209
1213
1216
3265
5313
3267
1220
3268
3269
1223
3273
1226
1229
3277
3278
3280
1232
1237
3290
1244
3294
1248
3299
5347
5350
5351
3303
3305
3310
3315
3318
5387
3339
1292
5389
3342
1296
5394
1298
5396
3349
5399
3353
3354
1307
3357
1311
1313
3362
3364
3365
3367
3371
3374
1338
3389
1343
1345
1348
3398
3400
1354
1356
1357
3406
1361
3413
1366
3417
1371
3421
3425
1378
1379
3427
1381
1382
1384
3433
1386
1389
3438
3444
1398
3448
3450
3452
3455
1409
3457
1410
3459
1412
3461
1413
3463
3464
3467
1420
1421
3471
3474
1427
1428
3480
1432
3483
1436
3485
3487
3489
3492
1451
3501
3506
3507
1461
3513
1472
1473
1474
1475
3523
1477
1478
1480
1481
1482
3531
3534
3536
3539
1492
3543
1497
1502
3554
1508
1511
3567
1525
3575
1533
3586
1540
1542
3594
1547
1551
3600
1553
1556
3607
1561
1563
1566
3618
1570
1579
1581
3632
3633
3645
1597
1605
1614
1616
3666
1622
3670
1626
1629
3678
1635
1638
1641
3725
3729
3735
3740
3743
3746
1701
3754
3782
1735
1738
3786
1739
1741
1743
1745
3794
1746
3795
1747
3799
1759
1763
3815
1771
1772
1774
3826
1780
3829
1788
1800
3854
3856
1809
3858
3868
1820
1826
1827
1832
1838
1851
1853
1862
1863
1867
3916
3918
3919
3920
3921
3923
3925
1878
3927
3929
1881
1882
3930
1883
3931
3932
3933
1887
3935
3937
3938
3940
1897
3947
1900
3950
1910
1911
1919
1921
1923
1926
3975
3978
3980
3982
3983
3986
3987
3989
3990
3992
3993
1946
3995
3996
3998
3999
1953
4001
4002
1956
4004
4005
4008
1960
4009
4014
1968
4019
4026
4029
4030
4033
1985
4034
1988
4038
1992
4040
4042
1995
4050
2003
4053
2006
2007
2008
4058
2010
2012
2014
2016
2018
2020
2022
2024
2026
2028
2030
2032
2035
4083
4087
2040
2042
4091
4094
