1025
2050
3075
3
2051
3077
2054
9
1034
2059
1036
1037
2061
1038
14
3087
1039
3088
18
19
3091
2069
22
3094
3095
2072
3097
3099
2077
3101
1054
3104
2080
1059
37
3113
2090
46
3119
3122
3123
1075
51
2100
1076
3125
1077
1078
55
2103
1079
1081
2105
59
62
1086
2111
1087
3137
2114
3139
1093
69
2119
2120
73
1098
2123
1100
2125
1102
3151
80
3157
85
2134
1111
3163
2141
1118
95
3167
96
2145
2146
1127
2152
108
2157
1134
2159
2160
112
2161
2163
3189
3190
2166
3191
124
3197
3198
2174
2176
128
2178
1155
2180
2181
134
3206
3208
1162
3211
3213
1166
2190
3215
1168
2193
2194
3218
2197
1174
2200
2201
1179
2204
1180
2206
1182
2208
1184
160
2210
1187
1188
165
2213
167
1192
2216
1194
1195
2220
2222
1198
176
2224
1201
1202
181
1206
2232
2234
2237
2238
2239
1217
193
194
195
1220
197
198
200
1225
2249
204
1229
205
2255
2256
1233
2258
210
1236
1237
213
218
2267
1243
2269
1246
223
1248
1249
227
1251
1252
229
1253
231
1259
237
2289
241
1269
1275
1277
254
1279
1280
256
2308
2309
2310
1292
268
270
2318
1295
2323
277
1301
2328
2330
286
2336
1312
290
2339
1316
2342
1319
2343
302
1326
1327
304
2355
307
309
1336
2361
2364
1341
318
2367
2369
321
322
323
325
1350
326
329
1354
334
2382
1358
338
2387
340
2392
344
345
1369
346
2397
350
1375
2402
358
2406
1384
1386
363
2413
366
370
2418
374
1406
2431
1408
388
2437
1414
393
2442
394
2444
396
1424
2453
405
1430
408
2456
2457
1434
410
2462
1439
416
417
418
1445
421
2469
423
2472
424
2473
426
2474
427
1453
1456
437
2486
438
2488
1464
2489
441
2491
1468
1469
2493
2494
448
1472
451
452
2500
2502
2503
1480
459
460
462
1487
463
464
465
469
1495
1497
473
1498
1501
481
2529
1506
1509
2535
488
489
2539
1515
1518
2543
2545
2549
1525
1527
2551
2552
2553
1530
2554
2555
1532
2556
508
509
515
2564
516
2565
1543
1544
1545
1546
1547
1548
524
525
526
529
531
1556
534
535
536
537
1561
2586
1563
1564
540
1565
543
544
1568
547
1580
2606
559
2608
561
1586
564
2614
1592
570
1595
571
2621
573
2623
1600
576
1602
580
1605
2630
1606
583
584
1608
2633
1609
585
587
2636
589
590
1615
2641
1620
2645
2648
600
1627
2651
1629
607
608
611
1635
1638
2664
617
618
619
1643
622
2672
2673
626
2674
627
1651
2676
1652
630
1655
1657
634
1658
1659
1661
638
1663
640
1664
641
642
2692
2694
647
1671
2696
1673
2699
1676
652
1677
653
1679
1682
2707
661
1685
1688
1690
667
2715
1692
2716
670
671
2719
1696
1703
1704
2729
1705
681
682
2733
1711
1713
2738
1714
693
695
1722
700
2748
1726
1727
1728
2754
710
2762
715
716
718
2771
724
2775
727
2776
2778
732
2780
2781
733
1758
2782
2783
1759
735
1761
2788
2790
1768
1770
1772
751
1775
2800
1777
753
1779
2803
1780
1782
1786
762
1787
2816
1792
768
2817
769
770
1796
2822
2826
783
787
788
789
2837
1814
792
2840
2841
2842
2843
795
1820
1822
1823
800
802
2852
2853
805
807
808
2857
1833
809
810
1835
2859
814
1839
817
819
1843
1847
826
1853
831
832
834
1860
2885
841
2889
844
1868
845
1870
850
2899
1877
853
854
2904
1881
858
1883
2907
1884
862
2910
1889
2913
865
1891
1893
1896
872
873
2921
879
880
2930
882
1907
2932
2934
886
1911
889
890
1915
893
1919
896
1921
2945
2946
1926
905
2955
908
2956
1932
1933
2957
909
2959
1935
2960
1937
914
2963
919
1943
1944
921
1949
1953
1954
2978
932
2983
2985
2987
2988
2990
943
1968
2992
1970
1971
948
2997
1973
950
1975
1976
1978
3003
3005
1981
1982
3008
3011
1989
1990
3014
1993
972
3022
975
2000
3025
3026
2004
3028
3029
3031
3033
3034
987
3035
2012
3039
2019
3045
3046
2025
3054
2034
1010
2037
2038
2039
2040
3066
2043
1020
2045
3070
