1
2
32770
3
32772
65540
65543
65542
32776
10
65547
11
65549
12
13
14
20
65557
32789
22
32790
24
25
32793
27
29
65564
32797
30
31
65569
32
33
65568
65571
37
65576
42
65579
32810
44
65581
65583
32814
32819
65589
32821
53
55
32823
57
65595
60
32829
61
65599
62
63
32832
32834
67
65605
69
71
32843
76
65613
81
32851
32852
32853
65620
32854
88
89
65624
32858
91
93
94
65631
95
65630
32866
101
102
65639
32871
103
105
65642
108
109
65646
32879
113
32883
118
65655
32887
32889
65658
123
65661
65663
32894
32895
127
32896
129
130
65666
32899
132
134
65670
135
65673
32904
32905
32906
138
32907
65674
140
141
65676
144
145
32913
32914
65683
146
32915
32916
150
151
65686
154
159
162
65701
165
65703
167
65702
168
169
65707
172
173
174
32943
175
32944
176
32945
177
179
180
181
182
184
32952
185
186
65722
188
32956
32957
190
32958
32959
191
193
194
195
196
32964
200
202
204
206
65743
208
32977
210
32979
215
216
217
218
219
65757
222
223
32992
225
226
65762
227
228
229
230
231
65766
232
33000
65771
33003
235
236
237
33009
242
65778
245
33014
247
33020
253
65791
255
33024
33026
258
65797
260
261
65799
262
33031
65801
264
33032
33033
265
266
33035
267
65802
33036
33037
65811
276
278
65815
33047
33049
283
284
286
287
33055
33056
65824
33057
292
33063
65833
300
33069
305
306
65843
307
308
310
65851
33086
319
65856
325
65860
65863
330
65866
33099
332
333
335
33103
336
337
338
65878
344
345
65882
65885
348
65890
356
359
65897
33128
363
65900
65909
372
374
376
65913
65912
377
33147
33150
33152
65920
387
65925
388
65926
65928
33162
33163
395
33164
33165
397
398
33166
399
400
65939
402
65938
404
405
33174
406
407
65944
65947
65949
33181
414
33182
33183
65953
33185
417
33186
33187
420
33190
422
423
33191
33192
65961
65960
65963
65962
65965
33196
429
430
65966
33199
33201
434
65970
436
65972
444
33214
33215
33218
65987
33219
65989
454
458
459
33227
460
461
65998
463
33231
464
465
33234
466
33235
33236
469
66004
471
33241
66010
33246
481
33253
33259
33263
496
66032
66035
66037
500
501
66039
66038
33271
66040
33276
509
33277
33278
510
33279
511
514
515
33283
517
33285
33286
33287
33288
521
33289
522
33291
524
525
526
66068
533
535
66073
66075
33307
66077
66076
33309
33310
66081
33314
549
66087
66088
33325
558
563
33333
33335
567
568
33336
569
33338
570
573
575
33344
33352
33353
66125
66124
590
66127
33358
66126
591
593
594
595
597
66136
601
33370
33372
604
33373
608
33377
609
611
66149
617
33385
66157
621
66158
624
625
33394
33395
33400
634
33403
635
636
638
642
66179
33418
651
652
33420
33421
33424
33425
33426
659
33429
663
33431
664
665
666
33436
66205
671
33441
66212
33445
678
33449
66216
33451
66220
687
66225
33457
691
693
694
33465
33467
66236
702
66238
703
33472
704
66243
706
707
708
709
33481
713
717
66254
720
66257
721
66256
66258
723
724
726
66262
727
33495
33497
729
66267
66266
732
66268
733
734
66271
735
33503
66270
738
66275
33506
33507
66274
66276
33510
743
66280
33514
747
33516
749
66284
33517
66287
66289
66288
66290
756
33524
760
66296
66299
762
764
765
33535
66302
66304
66307
772
33541
779
781
33552
66322
66325
66327
33566
801
802
66338
804
805
66347
66352
66355
66354
66360
825
828
831
66366
66372
66377
845
846
66382
66384
66388
33623
66394
33628
861
864
880
66416
884
891
895
896
897
66437
901
904
906
909
910
911
913
66450
915
66453
916
917
33685
66455
33688
922
33690
33693
33697
929
930
66473
938
939
66477
66476
66478
948
66489
66493
33725
66492
66495
66494
961
33735
66504
33737
33755
66525
993
997
66535
999
66534
33768
1000
66537
1003
33771
33772
66542
33779
33787
33790
1025
33793
1027
33796
1030
1033
1037
33809
66582
66587
1051
33820
33826
66597
66604
33837
1074
1075
66610
1076
66615
1079
1081
1083
1089
1090
1091
1092
1094
33863
1095
1096
1097
66635
1101
1102
1105
33883
1116
1118
1119
1126
1129
33897
1131
1132
66669
66668
1134
1136
1137
1140
33909
1142
33910
33911
33912
33913
1145
1146
66683
33914
33915
1147
33917
1149
1150
33918
33919
33920
1153
33921
1155
1156
66695
1158
1160
1161
1162
1163
33934
66703
1166
66702
66705
33937
66704
1170
66706
1171
66708
33941
1174
66710
1175
66713
66712
66714
1180
66721
1185
1187
33957
1189
1194
1196
1197
1198
1199
1200
66736
1201
1202
1203
1207
1208
1209
66744
1214
1215
1219
66756
1222
66759
66758
1224
1225
1226
66763
1227
1228
1229
1232
1233
1236
66772
1241
1242
66779
1243
66778
1247
1248
66787
1251
66786
66788
1254
66797
1262
66802
34036
66804
1270
66806
66809
66813
34044
34045
1278
1281
66816
66819
1282
66825
66830
1295
34064
66835
66839
66838
1307
1311
1313
1314
66852
1320
1322
1323
66858
66861
66860
66865
66868
66873
66874
1340
1341
66880
34115
1347
66888
34122
66892
1360
1364
34136
34137
1373
66910
1375
1376
66917
66918
66920
1387
1390
1396
66935
66936
1402
66939
1405
66943
1407
66942
1408
1409
66944
66946
34179
1417
34187
1423
1425
34193
34195
1428
34197
1429
1430
1432
1433
66971
66973
34204
1436
34205
1440
66979
1446
34216
66984
1454
1455
66990
66993
1457
66995
66994
34228
1463
67003
1466
1468
67006
34240
1475
34244
34247
1482
34251
34258
67026
1493
1495
34263
67033
1498
67035
1502
1505
34279
67049
34281
1515
1518
1521
67059
67058
67061
67060
67065
1528
67064
34298
34299
67069
1533
67068
1534
1536
1537
67077
1541
34310
67085
1548
67086
34319
1552
1554
34323
1559
34328
1561
1564
1566
1567
34338
1583
67122
1588
34357
1593
1596
34367
1600
1606
67143
1607
67142
67145
1609
34384
1618
1620
1622
1624
1626
1627
1628
34396
67164
1635
34403
1636
34404
34406
1638
1642
1644
1652
34421
1653
1654
1658
1659
1660
1662
1663
67198
67201
34439
1671
34441
1674
1679
1684
1685
1686
1687
34455
34456
67225
1689
1690
1693
67231
67230
1697
34469
1706
1707
1708
34477
1711
1712
1713
67251
1715
67253
1719
1720
1722
1723
1724
67265
1729
1731
34499
1733
67271
34502
67273
67272
67274
1741
34510
67278
34511
1744
1746
1749
67295
67297
67299
1762
1763
67301
1766
1769
67304
1770
67311
1777
67315
1779
67317
67316
67318
67321
67320
67325
34562
67331
1794
67341
67340
34575
67345
67347
67349
67348
1814
67352
67355
67363
67362
1829
67364
1832
67373
67372
1838
67375
1840
1841
67376
67379
1843
67381
67380
67383
67382
67385
67387
1851
67386
1853
67388
67390
67393
67392
67395
1859
1860
67397
67399
34631
67398
1863
67400
34634
1866
34638
67408
67411
1874
67410
1876
1877
67412
1880
1881
1884
34653
1886
67424
67426
1892
1893
34661
1894
67433
67434
1901
1903
67441
67442
1908
34678
1912
1916
67454
67456
1922
67460
1929
1930
67471
1934
67473
34705
67472
34709
67478
1944
34713
67480
1948
67487
67486
1953
34723
1957
1962
1966
1967
1969
1970
1976
1977
34746
34747
34748
1980
34749
1982
1986
34756
34758
67527
1991
1997
67535
34766
34769
67536
2002
2003
67544
2011
34779
34780
2013
67553
2020
67559
2029
34798
34802
34806
34809
67579
2042
34812
67580
2045
2046
67583
2047
67582
2049
34819
34820
34821
34822
34823
67593
34824
34826
67601
2074
2078
34846
2079
2083
2085
2086
2089
67627
67630
67633
2097
34868
34872
34874
67644
67652
34886
34888
2120
2123
2125
2128
2129
67667
34899
67668
34901
34902
2135
34903
2136
2138
34907
34910
34912
67681
34913
67685
67686
67691
34922
34924
67695
34927
34928
67696
2161
2162
34930
34931
2163
34932
67700
34934
2167
67702
34936
34938
2171
2172
34940
67709
34942
34943
2176
34944
2183
67718
34952
2184
2189
34957
34960
34962
2194
34973
2206
2208
2209
2210
34980
67748
34982
67752
34986
2219
67754
2220
2221
67756
34990
34993
2225
2226
2228
2229
34997
34998
34999
2232
2235
2236
35004
35005
2238
35007
2239
2240
35009
35010
35011
2243
2244
35012
35013
2245
2246
35014
35015
35016
2249
35017
35018
2250
35019
67786
2251
35020
2253
35021
35022
67791
35023
35024
35025
35026
2259
2263
35032
2267
35038
2271
67809
2275
67814
2287
2292
67829
35062
67831
67835
2301
2304
35072
67842
2312
35083
35088
2321
67859
35090
2324
35093
35095
67865
67864
67866
2334
2336
2337
67872
2339
67877
67879
35110
2343
2345
67883
2349
2350
67887
35119
2353
2354
35124
67893
35125
2358
35126
67895
35127
2360
35129
2361
67896
2368
2370
67907
67906
2373
2375
35144
67912
2377
67915
67917
67919
35152
67921
2385
67920
67923
2386
2388
2390
35158
35159
67934
35178
35181
35193
35194
35198
67971
2437
67975
67981
35213
2447
2450
2451
67989
2452
35221
2453
67990
35223
35224
2462
68006
68012
2480
2481
68018
68021
2484
2485
2487
2488
68025
2489
2490
2492
35261
68031
2497
68035
2498
2501
68036
35270
2504
35274
68045
2510
2512
35280
2513
2514
68050
2515
2516
2518
2519
2520
2521
2522
68059
68061
2526
2527
2528
2529
2530
2531
2532
2533
2534
2535
2537
2538
35306
2539
2540
2541
35311
2544
2545
2546
2547
2555
2556
2558
35328
2560
2561
2562
2565
35335
35336
2569
35338
2571
2572
2573
2575
35343
2576
35344
35346
2579
35348
2582
2592
68129
35361
2597
2599
2600
35371
2606
68143
35375
2607
35377
35378
2611
35380
68149
35382
2618
35387
2619
35389
68160
68163
35394
2627
2628
2629
35399
2631
35401
2633
2634
2635
2636
68172
2638
2648
2651
2652
35421
2653
2654
2655
68190
35427
2660
68196
2662
68198
2667
2670
2671
68206
2673
2674
35444
2679
2688
68225
68229
2693
68228
35465
68234
68236
2704
2705
35474
2711
68251
2720
2721
2724
2731
2738
68276
2744
2746
2750
2752
2754
2755
2762
35540
2777
2778
35556
35557
2791
2793
68333
68332
35565
68335
2801
2802
35571
2805
35574
2807
2810
2811
2812
2815
2820
35589
35591
2823
35593
35595
68365
35596
35602
35603
2835
68373
35606
35607
2839
68378
35611
35613
2847
35615
35617
2849
2850
2851
35620
2852
2853
35621
68391
2855
35624
2857
2859
2860
2861
2862
35630
2863
2864
2865
2866
2867
2868
2869
2870
2871
2872
68409
2873
2874
35643
2875
2876
2877
35646
2878
68415
2879
2880
2881
68416
2882
2883
2884
35653
2885
35654
2886
35655
2888
2889
35657
2890
2891
2892
35660
2893
2894
35663
2895
35664
2896
68432
2897
2898
68434
2899
2900
2901
35670
2902
2904
35672
2905
68440
2906
2907
2908
2909
2910
2911
2912
68449
2913
35681
35682
68451
2915
2916
2918
2919
35687
2920
2921
35690
2922
68460
68463
35695
2928
35696
2929
2930
2934
35702
2935
2936
2937
2938
2941
2942
2944
35713
2947
35720
35724
35725
2958
68494
2960
35729
2961
68496
2963
2965
35734
2971
68509
35741
2973
68508
68513
35744
2978
68514
35752
2984
2985
2986
2987
2988
35756
2989
35761
2997
68534
35772
3005
68546
68549
3012
68551
68550
68553
3017
68552
68555
3018
3019
35787
68557
68556
35789
3024
3025
68563
3026
3032
35800
35802
35803
3039
35809
35811
35812
68581
68580
68582
3047
3048
35816
3049
35819
3051
35820
3054
3055
3056
3058
35827
68594
3059
68596
68598
35834
68605
35837
35838
3070
3071
35842
3075
3082
35850
3083
3084
3085
35854
3086
3087
35856
68625
3090
35860
68631
35863
3095
3096
3098
35868
3100
35869
35870
35871
3103
3104
35872
68643
3106
3107
68642
35878
68646
3111
3112
3114
68650
35885
3118
68657
3121
35890
68659
3122
35896
3129
35898
68666
35899
35900
35901
3134
3138
3139
3140
68677
3141
3142
35912
3145
68684
3150
68689
3153
68688
3154
35924
3157
3158
68697
35928
3162
3163
68702
68705
3170
3172
35941
3174
3176
35944
3177
35945
3178
35946
35947
3179
3180
35948
3181
35949
35950
3182
35951
3183
3184
35953
35954
3186
35956
35957
3189
3190
35958
3193
3194
3196
35965
35967
35969
3202
3203
35972
35973
68740
35974
68743
35976
3209
35978
3210
3211
3214
68751
3216
3217
35997
36000
36002
68771
3238
3240
3241
3245
3247
3248
68784
3251
3252
36022
36023
36024
68792
68795
3258
36033
3272
3274
3275
3276
3278
3279
36049
3286
3289
36057
3291
68829
3292
3293
68828
36063
68830
36065
36066
36068
3302
3303
36077
68849
36085
3319
36091
3324
3326
3327
3329
3333
3335
36104
3339
36114
3355
68893
68892
36126
36128
68896
68899
68901
68900
36135
3367
68904
36139
68915
36147
68914
68916
36149
3383
68918
36151
36152
3384
68920
3385
68922
3387
68924
3389
3391
68928
3393
36161
3395
36166
68935
3399
36167
68937
68939
36180
68949
36182
68951
68953
3416
68952
36185
3418
3419
36188
68956
3423
36193
3425
68960
68965
3428
36198
68966
36199
68969
3432
36202
3435
36204
3437
68972
3438
3439
36208
3441
3443
36215
36216
36217
3451
68986
3453
68993
3457
36226
3460
68999
36232
3464
36233
3466
3467
3468
3469
69006
3472
36240
3473
69011
3474
3475
36243
36248
3481
36252
3486
36256
36257
36258
3490
36260
3493
36261
36262
3496
36264
3501
36271
3503
69040
3506
36275
69045
36277
36278
69046
36279
3511
69049
3514
36283
69053
3519
3521
3522
3523
3524
36293
3526
3528
36297
3530
36299
36301
36302
36303
69073
36304
3537
36305
36306
69074
3539
36308
69076
69078
36312
3545
3548
36317
3549
3551
3552
69089
36322
3554
3558
3560
36329
69099
3562
36330
3563
36331
69100
69103
36335
69104
3569
3571
69109
3573
69111
36342
69110
69112
69115
3578
36347
3583
3589
36357
3591
3592
36360
3595
36366
36369
3602
3605
36373
3607
36378
3611
69149
3613
3614
3615
36384
36385
3618
69155
36387
36388
36390
3624
36395
3629
3630
69166
36400
3632
3635
36404
3636
3638
3639
36410
3645
36414
69184
36417
3654
3657
36426
3659
3660
36429
3661
3662
36430
3663
36432
3664
36433
3665
69203
36434
3666
36435
3667
3671
3685
3686
3688
36457
69231
69234
69237
69236
3707
3708
3709
69247
3710
69246
69249
69248
3713
3714
3715
3718
3719
3721
3724
3725
3729
3737
3739
3740
3745
69291
69295
3758
3761
3764
36535
3767
3768
36538
69309
36542
69310
36543
3776
69313
69312
3778
69315
69314
3780
69321
3787
3791
69331
69330
69335
36566
3799
69339
69341
69340
69342
3807
3809
69344
36581
69350
3815
3817
3820
3822
36591
3824
36599
36600
36601
3833
36602
36603
3835
69375
36609
36615
69386
3853
36621
36625
36629
36633
3868
3870
36639
36641
36642
3874
36649
36651
3884
36653
36656
3893
69433
36666
69435
36668
36670
36671
69443
69442
3907
69444
69446
69449
69451
69453
69452
36687
69454
36688
69467
36700
3932
36702
69473
69472
3938
36708
3940
3942
36710
36711
36712
3944
69480
3946
69482
36715
69484
36717
3949
36718
3953
3955
3957
69501
3964
69500
3966
3969
69509
3973
3978
36746
36747
36748
36749
3984
3991
69528
3993
36761
3999
36769
4002
36771
36772
4005
36777
36778
69549
36780
4020
4022
36790
69558
4024
4026
36795
69564
36797
4030
36799
4032
36805
4040
36808
36812
4048
4051
36819
4053
36823
36826
69603
69605
36836
36839
36840
4075
4077
4080
4083
69620
4086
69622
4088
36861
36862
36864
36866
36867
36868
36869
69636
4104
4108
36878
4114
36883
4117
4118
36887
36894
36898
69673
69675
69674
36907
69677
69676
69679
4142
69681
4144
36912
69680
69682
4148
36916
69685
36917
69684
69687
4150
36918
36920
69688
4154
36923
69690
36925
36926
4160
36928
36929
4162
36931
36932
36933
4168
36937
69711
4174
69710
69712
4178
69716
69719
4183
69718
36952
4185
4190
69731
69735
69737
69736
69738
69743
36975
69742
69745
69744
36978
69747
36979
36981
36982
69753
69755
69754
69757
36991
69763
69765
69764
69766
69771
69770
69773
69772
37011
4245
37014
69808
4275
4278
37048
37054
4289
37059
69829
4294
37062
4295
37063
69832
4301
69840
69843
4308
69844
69855
37088
69859
69861
37092
69863
69862
37097
37098
69881
69880
69883
69882
69886
69889
69888
37124
37128
69899
37130
37131
37132
69901
37134
69903
37137
37138
37145
69915
69917
69916
69918
37152
69920
69923
37154
37155
37158
69929
69930
37163
69935
37172
69940
69947
69949
69953
69952
69961
69963
69962
69965
69964
37200
37201
4434
69972
69975
69978
4444
69980
37214
69982
37219
4451
69986
4453
69991
37222
37223
69990
37224
69993
69992
37226
37227
37229
70003
70002
70005
37236
70004
70009
70011
70010
70017
70023
70022
4489
70027
37259
70028
70032
70037
37270
70041
70043
4509
37278
37279
37285
37286
37288
37289
37291
70061
37296
37297
70066
4532
70068
4538
70075
70074
37307
70077
70076
4541
70079
70078
70081
70080
70083
37315
70082
70085
70084
70087
4550
70086
70089
70088
37321
70091
70090
37324
70093
70092
4558
37326
70095
37327
70094
70097
70096
37329
70099
37330
70098
37332
37333
70100
37334
70102
37336
70105
70104
70107
70106
70109
70108
70111
37343
70110
70113
70112
70115
70114
70117
37348
70116
70119
70118
37351
70121
70120
70123
37354
70122
4588
70125
70124
4590
70126
37360
70129
70128
70131
70130
70133
70132
70135
37367
4599
70134
70137
70136
70139
70138
70141
70140
70143
70142
70145
70144
70147
70146
70149
70148
70150
70155
70154
70157
70156
70159
70158
70161
37393
70160
70163
4626
70162
70165
70164
70167
4630
70166
70168
70171
70173
70172
70177
70176
37409
70179
70178
4647
70185
70184
70187
4651
70186
70189
70191
70190
4656
70193
70192
70195
70194
70197
70196
70199
70198
70201
4664
70200
70203
70202
4669
70207
4671
70209
70208
4673
70211
4675
37443
37444
70213
4677
70212
70215
70214
70217
70216
70219
70218
37451
70221
37452
70220
70223
70222
70225
4689
70224
70227
37458
37459
70226
70229
37460
70228
70231
37463
70230
70233
70232
4697
70235
70234
37467
70237
4700
70236
70239
70238
70241
70240
70243
37475
70242
4708
70245
70244
37478
4710
70246
4712
70248
70251
37482
70250
37484
4716
37485
70255
37486
37487
70254
4720
37490
37491
37492
4724
70261
70260
37493
37494
70263
70262
37495
4728
70265
37500
4732
70269
70268
37502
70271
70270
37504
70273
70272
70275
4740
70279
70278
70281
70280
70282
70285
70284
70287
70286
70289
70290
37523
70293
70292
37525
70295
70297
37529
70296
70299
37531
70298
70301
70300
70302
4768
70307
4771
70311
70310
37544
70312
37545
70315
37547
70314
37548
4780
70317
70316
70319
37550
70318
70321
70320
70323
70322
70325
37556
70324
4789
37558
70327
4790
70326
70329
70331
70330
70332
70334
70337
70336
70339
70343
4806
37575
70342
70345
70347
70346
4812
70348
70351
4815
70350
70353
70352
70355
70354
4819
70357
70356
37592
70362
37597
70364
4830
70367
37599
70366
4832
70369
70368
4834
70370
70372
4838
70374
37608
4840
70379
70378
70381
70380
37613
70383
70382
70385
70384
70387
70386
70389
70391
70390
70393
70392
70395
70394
37627
70397
70396
4861
70399
4862
70398
4863
4864
70401
70400
4865
4866
37634
70402
4868
70405
70404
4870
70407
70406
4873
70411
70410
70413
70412
70414
70417
70416
70419
70418
4883
70421
70420
4885
70423
70422
70424
4890
70427
70426
70429
70428
4893
70431
70430
70433
70432
70435
37667
70434
4899
70437
37668
70436
70439
70440
4906
70443
70442
37675
37676
70445
70444
70447
70446
37679
70449
70448
70451
70450
37683
70453
70452
70454
4921
4924
37697
37698
70466
70468
37708
37711
37712
4944
4949
37718
4951
4952
37720
37721
4953
4954
4955
4956
4957
4958
4959
4960
37728
70496
4961
37731
37732
37734
37735
37738
37740
37742
37744
4979
37747
4987
4989
37758
4991
37761
37763
37764
70533
70532
4997
70535
4999
70534
70537
37769
70536
70539
70541
70540
37773
70543
37774
37775
37776
70545
5009
70547
70549
70548
37782
70550
70553
70552
70555
70554
37789
70559
37792
70563
70562
70565
70564
37800
70569
37802
37804
70577
37809
37810
37811
37813
37814
70583
37816
5049
37817
5051
37819
37820
5053
37822
37823
5055
37825
5057
37826
5059
5061
37829
5063
37831
5065
5067
5068
37837
70607
5071
5073
5075
70610
70615
37847
5080
70619
37852
37854
37857
70627
5092
37863
70630
37864
37865
70634
70636
37869
70639
37870
70638
37872
70640
5106
37878
70647
70646
5112
37880
70648
70650
70653
70652
37888
5124
70663
5127
70665
5129
70664
37899
5132
5134
37905
37907
70674
37910
37912
37915
37920
37926
5161
5163
37932
5165
37935
5169
37938
5174
5176
37946
37950
37956
37957
5189
5190
37958
37960
37962
37964
37965
5208
37977
5210
70749
70750
70753
5218
37990
5224
37992
70764
37998
70773
5240
70779
5246
38015
5248
38017
70787
38020
70788
38023
5256
5259
5261
70799
38032
38035
5267
38036
70807
70809
38041
38042
38043
38045
70814
38050
38051
70818
70821
5284
70820
5286
38055
38056
38057
38060
5295
38064
5298
38069
38072
70842
5307
5309
38081
70855
70858
5323
70861
38093
38096
70867
38099
38101
38103
38104
70874
38107
5339
38109
38111
5343
5346
38115
5349
38118
70888
38127
5361
70905
38137
70909
70910
5376
5378
38146
5381
70916
38149
70918
38152
70922
5388
38157
38158
38160
38161
38162
38164
38165
38166
70937
38168
5408
70947
70950
38186
5418
5420
70957
70956
5423
38192
70963
5430
70969
38200
38202
5435
38203
70972
5438
38207
38211
38212
38213
70982
38221
38225
38226
38227
38228
38229
38232
38234
38235
38236
71009
38243
38244
38245
71015
38248
38249
38251
38252
38253
71029
38260
38261
38262
71036
38272
71040
38274
38279
38280
5514
5516
38286
38287
5520
38289
5522
38291
38294
38297
5530
38299
5534
71071
5538
38307
38308
71077
5542
5544
38315
38316
38317
38318
5551
38323
38325
38326
38328
38329
71103
38334
38335
5567
38337
71109
5574
71110
71113
5576
71115
38346
71114
71117
5581
71116
71118
71121
71120
38357
5591
38362
38366
71137
71139
38370
5602
71138
71140
71143
5606
5608
38379
71149
5612
71151
5614
71150
71153
71152
5618
38389
38394
38396
38403
38404
38405
38412
38413
38414
38416
38422
38428
38431
38433
38440
38444
38445
38449
38453
38455
38456
38461
38463
38464
38465
5698
5699
38468
38469
5702
5704
38473
5708
5710
38482
38486
38487
38499
71266
38502
38504
5737
38505
38513
38515
38517
38518
38519
38522
38525
38531
38532
38534
5766
5768
38537
38542
38543
5782
38551
5790
38559
38560
5793
38562
38564
5796
38568
38569
38572
38573
38574
38575
38576
38578
38579
38580
5817
38586
38588
38589
38592
5828
38596
38598
38600
38602
38603
38604
38605
5837
5839
38608
5841
38613
38615
5848
38618
38619
5860
38632
38633
38636
38637
38638
38640
38641
38643
38644
38651
38653
38654
5892
38660
38665
5898
38669
38670
5904
38672
38676
5911
5914
5921
5923
38691
5925
5927
5929
5933
5935
5938
5941
5944
38714
5951
38720
5956
38727
5960
38731
5963
5974
38755
38757
38765
5997
5999
38778
38779
38781
38784
6018
6021
6023
38792
38796
38797
38798
38799
38804
38805
38808
38809
38810
38812
38814
38816
38819
38821
6055
38830
38831
6065
38834
38836
38837
38838
38844
6080
38848
6081
38849
6082
6083
6084
6085
6087
6088
6089
6090
6091
38860
6092
6093
6094
6096
6098
6099
6100
6101
38869
6102
6103
6104
6106
6107
38875
6109
6110
6111
6112
6113
6114
38882
6115
6116
6117
38885
6118
6119
38888
6121
38891
38894
6128
6129
6131
38899
6133
6134
6135
38904
6136
6137
6139
6141
6142
38910
6143
38914
38916
6148
6149
6150
38918
6152
38920
38921
6153
6154
6155
6156
6158
38928
6160
6161
6164
6165
38934
6166
6167
6168
6169
38938
6170
38939
6171
6173
6174
6175
6176
6177
38947
6179
38948
6180
6181
38950
38951
6183
6184
6185
38956
6189
38958
6190
6191
6192
6193
6196
6197
6198
38966
6199
6201
38970
6202
38971
6203
6204
6205
6206
38974
6208
6209
6210
38979
6211
38980
6212
6213
6214
38982
6215
6216
38985
6219
6220
6221
6222
6223
38991
6224
38993
6225
6226
6227
6228
71765
38996
71764
6229
71767
6230
6232
39000
6234
6235
6236
6238
6239
6240
39008
6241
6242
6244
6245
6246
6247
6248
6251
6254
6257
6258
6260
6261
6262
6263
6264
6266
6267
39037
6270
6271
6275
6276
6277
6278
6279
71817
6281
6282
39051
6283
6284
39052
6285
6286
39054
6287
6288
6289
6291
6292
39061
6294
6295
6296
6297
6298
6299
6300
6301
6303
39071
39072
6305
6306
39074
39075
71845
6309
71844
39078
71847
6311
6312
71851
6314
71850
6316
6317
39088
71857
6320
6321
6322
6325
39094
6327
6328
6329
6330
6333
6334
6335
6336
6337
6338
39108
6340
71876
6342
39111
6344
39113
6346
6347
6348
6349
6350
6351
39120
6352
6353
6354
39123
6356
6357
6359
6360
39128
6362
6363
71901
6364
71900
6366
6369
39137
6370
6371
6372
6373
39142
6374
6375
71910
6376
6377
6378
6379
6381
39150
6383
6384
6385
39153
6386
6387
39156
6388
71925
6389
6390
71927
71926
6391
39159
6392
6394
6395
6397
39165
6401
6402
6405
6406
6407
6409
6410
6412
6413
6414
6415
6417
6418
6419
6420
71956
6421
6422
6423
6424
6425
39194
6427
6428
6429
6431
6434
6435
6436
6437
71975
6438
39207
6442
71979
6444
39212
71980
6446
6448
6449
6450
39218
6451
6452
39220
6453
71991
6454
6456
6457
6459
6460
6462
39232
6465
6466
39234
6467
39236
39238
6470
6471
39240
6472
6473
6474
6475
6476
6479
6480
6481
6482
72018
39251
6485
6486
6487
6488
6489
6490
39259
6491
6492
6493
6494
6495
6498
6500
6501
6502
6504
6508
6509
6510
6511
6512
6513
39281
6514
39284
39285
39286
39287
6519
39288
6520
6521
39289
6522
39290
39291
6523
6524
39292
6525
39294
6526
72063
39295
6528
6529
72067
6530
6531
39300
6532
6533
6534
39302
39303
6535
6536
6537
6538
39308
6540
39309
39310
6542
6543
6545
39314
6546
6547
39316
6548
39317
6549
6550
39318
39319
6551
6552
72089
6553
39322
6557
6558
6560
72097
39329
6561
6562
6563
39332
6564
72100
39334
6566
6567
72105
6568
6569
39337
6570
6571
72106
39340
6572
6573
6574
6575
39343
6576
6577
6578
72115
6579
72114
6580
39349
72119
6583
39351
6584
6585
39353
39354
6586
39355
72122
6587
39356
6589
39358
39359
6591
72129
6592
6593
72128
39361
39362
6594
6595
39363
72130
6596
39364
6597
39366
39367
6602
72138
6603
39371
6604
72141
39373
6607
6608
72145
6609
6610
72146
72149
6612
39381
6613
72151
6614
6615
72150
6616
72153
6617
39385
6618
39387
6619
39388
6620
6621
6622
72161
39392
6624
6625
6626
39394
6628
39396
6630
72167
6632
72169
39401
72168
6634
6635
6636
39404
6638
6639
39407
39408
6640
6641
6642
39410
39411
6643
6644
72180
6646
39415
6647
72185
6648
39416
39417
6649
6650
6651
6652
6653
39422
6654
6655
72193
6656
39425
6657
6658
6659
39427
6660
6661
72199
39431
6663
6664
39432
6665
6666
6667
72202
39435
39437
6669
6670
6671
6672
6673
72211
39442
6674
6675
6676
6677
6678
39447
6679
6680
72217
6681
6682
6683
6684
6685
6687
39455
39456
6688
6689
39458
6690
6691
39460
39461
6695
6696
39465
6698
39466
39467
6699
39468
6700
6701
6702
6703
6705
39478
72247
6712
6713
72251
39482
6715
72253
72252
39489
6723
72258
6724
6725
39495
6728
72265
6729
39497
6732
6733
6734
39505
6738
6740
6742
6744
6745
6746
39515
6748
6749
6750
39519
6751
6752
39520
6753
6756
6757
6758
6759
6761
6764
6765
39533
6766
6767
6770
6771
6772
39540
72311
6774
72313
39545
72315
39546
72314
39548
6781
6783
6784
39554
39556
6788
72324
6789
39559
6792
72328
39561
6794
72333
39564
6797
39571
6804
39572
72343
6808
6809
6815
6816
6818
6819
39588
6821
39589
39590
72358
6823
6825
72360
39594
6827
39595
72369
6833
6834
39603
39605
6837
72375
39606
72374
39607
6840
39609
6841
6842
39610
39611
6843
39613
72383
39616
6849
39618
6850
72387
6851
39619
6852
6853
6855
6857
39632
6864
72400
39634
6868
39637
6869
39639
72415
39647
39648
6881
72419
72420
39654
6886
72425
6888
72424
39658
6890
39659
6892
72428
39661
6895
39663
39671
72445
6909
6911
72446
39679
6913
72451
72450
72453
39684
6916
6917
72452
72455
72454
72457
6920
72456
72459
72458
39693
72460
6925
72463
72462
72465
6928
6929
72467
72466
6931
72469
72468
72471
6934
72470
6936
72473
6937
39707
72474
72477
39708
6941
6942
72480
6948
6950
6952
72488
39722
39723
72490
72493
6956
6957
39725
6958
39726
39727
39729
6961
72499
6962
39731
72498
39732
72501
72500
6965
39733
39734
39735
6968
39736
6969
6970
39739
6971
6972
6973
6980
72516
6983
6984
39752
6987
72522
6988
39758
72526
6991
39765
39767
6999
39768
7001
39770
7004
7006
7007
7008
7009
72547
7010
7012
7015
72553
39785
7024
39793
72565
7028
7029
72567
7030
72566
7031
72569
72568
7033
39802
7034
7035
72570
39803
39804
7036
7038
72575
7039
7040
7041
72576
72579
72578
7044
72580
7046
72583
72582
7047
72584
39818
72586
7051
7052
7053
72588
7054
72591
7055
72590
72593
72592
7057
72595
72594
7060
72597
7061
72596
72599
7062
72601
7064
72600
72603
72602
7067
72605
72604
72606
7073
72608
7074
72611
72610
7075
72613
72612
7077
72615
72617
72616
72619
7083
72618
72621
72620
72623
7087
72622
72625
72624
7090
72626
7091
72629
72628
72631
7094
72630
7096
7097
72632
72635
7099
7100
72637
7101
72636
72639
72641
72640
7105
72643
7107
72642
7108
72644
72647
7110
72646
72648
7113
7114
72651
72650
7116
72653
72652
7118
72654
72657
7120
72656
39890
72659
72658
72661
7124
72660
72663
72662
7128
72664
39898
72666
72669
7132
72668
72670
72672
7137
72675
72674
72679
7143
72678
39912
7144
7149
72687
7153
72690
72693
7157
7158
7159
7161
39929
72699
7166
39934
7167
7168
7171
72709
39940
7173
7175
72712
7179
7180
39954
39956
7199
72745
39977
72744
72746
39979
72749
39980
7212
39982
72752
7217
7220
39990
39991
7223
72761
7227
72764
72767
39998
7230
7233
7235
40004
7239
72780
7248
7250
72791
7254
7258
72794
72797
40031
40032
40033
72800
7266
40034
40035
7268
40036
72804
40037
40038
7270
72806
7271
40044
72812
7280
7281
72823
40058
7292
72829
40064
7296
7298
7299
7302
72838
40074
7308
7311
72851
7316
72853
40086
7319
72857
7323
40095
40097
72867
40098
72869
40108
40110
40114
40115
7354
72890
40123
7358
7359
40127
72894
40128
72899
40130
40132
72901
7364
72903
40134
72902
40137
40138
7371
72906
40140
72909
7373
40147
40148
7381
40151
40153
40154
7387
7388
7389
40157
7390
72928
40161
40162
7394
40163
40165
72934
7400
40168
40169
40170
7403
40171
40172
72943
40175
40176
72945
40178
40179
40180
40181
40182
7414
40183
7416
40186
40187
72957
40189
40190
7422
40192
40193
7426
40195
40196
40197
72964
40198
7432
40200
40201
7434
40203
40204
72972
40206
40207
72974
40209
40210
7442
40211
7443
40212
40213
72983
40214
40215
40216
40217
40219
40220
40221
7453
40222
7455
40223
40224
40226
40230
40231
40232
7464
40233
40235
7467
7468
40237
7469
73007
40238
40239
73009
40241
40242
73010
40243
40244
73013
73012
73015
40246
7478
73014
7479
40247
40248
7481
40249
73018
73020
7488
73024
7489
40258
7490
73026
73029
40261
7494
73031
73035
7499
40268
73038
40272
73041
40273
7506
40278
40282
40284
40289
7522
40295
73065
73067
7531
73069
40300
7533
40302
7534
7537
40305
73075
7538
7539
40309
40310
40311
7543
73081
73085
7548
73087
7551
73091
7555
73093
40324
40325
7559
73094
40328
7560
73097
7561
73099
73098
7563
7564
73100
40333
40334
73103
40335
40336
7570
7571
7572
7574
7577
7578
7579
7580
7581
73119
73121
7584
7585
73126
7592
40362
73133
7596
7597
7598
40367
73137
7600
7605
7609
40377
73148
73151
7617
7618
7619
7620
40389
7623
40391
40397
73167
7631
40399
40400
40403
40404
73173
7640
7641
40409
73181
73180
7646
73182
40415
40416
73184
73187
40419
40423
7659
7660
40428
73197
7661
7662
7663
7664
7665
40435
7669
40437
40439
7672
40442
73213
7677
7678
7679
73214
40447
73217
7682
7683
40452
40453
7686
7690
7691
40459
7692
7693
73228
7695
7696
7697
40466
7699
7701
40469
40470
7705
73244
7711
40479
7712
40485
7721
7722
40491
7723
7726
40500
73269
40502
7735
73272
73275
40509
40512
40515
40517
7749
40518
40519
40520
7753
7754
40524
73293
73292
73295
40528
73296
7761
40530
73300
7765
40534
7769
40541
40542
40548
40550
40551
7784
40552
40554
7786
40558
40562
40573
7806
40575
40577
73350
7819
73361
73363
73365
40597
73364
73367
73371
73370
40605
40608
7843
7846
40614
7847
7848
7849
7854
7856
40625
40635
7867
73407
40640
73408
7873
40644
7878
73414
40652
40653
40654
7890
40658
7892
40662
40666
40669
40672
7904
40674
7911
7913
40687
7919
7920
40689
73461
7925
73464
7931
7932
73472
7937
40706
40709
40711
73481
40712
73483
40715
7954
40722
40723
73492
40725
7958
73495
73496
73499
7962
40733
7967
40739
73506
7973
73508
7974
7975
7977
40745
7980
40748
40749
7981
7982
7983
7988
7989
40760
7993
40762
40765
7997
73532
7999
8000
8001
8002
8003
8004
8006
8007
40775
8008
73544
8010
73547
40779
40782
8016
8018
40787
40788
8020
73556
8021
73559
8022
8023
8024
8025
8028
40796
8029
73564
73567
8030
8031
8032
8033
40801
8034
8035
8037
8038
73574
8039
8040
8041
73576
73579
73578
8043
40812
8044
8045
8046
40814
8048
8049
40819
8052
8053
8054
8055
8057
8058
8059
8060
40828
40829
8062
8063
8064
8065
40833
8066
8067
8068
8069
8072
40841
8073
8074
8075
8076
8078
8081
8082
8083
40852
8084
8085
8086
8087
40857
8092
8093
8095
8097
8099
8100
8105
8106
8107
8111
8115
40883
8116
73653
40885
8119
40888
73657
40890
8123
40891
40893
8125
8126
40894
8127
40896
8128
8129
73666
8131
40902
8135
73672
8139
40908
40909
73676
40910
8144
8145
40915
73685
40916
73684
8149
40919
73686
40920
8152
40921
73693
40925
40927
73696
73699
73698
40932
73700
40936
73708
40943
8180
8181
8182
40952
8185
8186
8187
40957
73732
8197
8199
73734
73737
8201
8203
73740
40973
8208
8209
8212
40981
8213
8214
8218
40987
8220
8225
40994
8228
73765
8233
41004
8236
41005
8237
8239
41008
73777
8242
41010
73780
8245
8248
8251
8253
73791
41024
41026
41027
8260
41028
8262
73798
8265
41034
8266
8267
8269
73809
73811
73810
8275
8277
73815
41046
73816
8281
73819
41051
73821
8286
73824
73827
8292
73829
8293
73828
8295
41064
8296
41065
73832
8299
73836
8302
73839
41073
73843
41074
8307
8310
8317
8318
41086
8321
8322
41090
41092
8324
8325
41093
41094
8326
8327
8329
41097
8333
8334
8336
41106
41107
8341
8342
8343
8344
8345
41114
8347
8351
41121
8353
8357
41125
73899
8362
73900
8365
8369
8370
8371
41148
41151
8384
8385
8387
8393
73928
73930
73933
41166
41167
8399
41168
8402
41173
8406
73942
8407
41176
41179
8412
8413
41183
8416
41187
8422
41190
41195
41196
41198
73967
73970
41204
73974
73977
8443
73983
8448
8449
41218
8452
41220
73988
41222
8454
73990
8455
41224
41226
73994
8459
73997
73996
41229
8463
41232
8464
41234
74005
8469
41237
41238
74009
41241
41243
41245
8477
74015
41246
41250
8486
74022
8490
8492
74030
74037
41269
41270
74038
41278
8512
74049
74051
8515
41285
8522
8527
8530
41301
74070
41306
8540
41309
41311
41313
41319
74088
8553
41322
74091
41324
8556
8557
41325
8561
41331
41332
41334
74102
8567
74105
41341
74111
41342
74114
41348
74116
74119
74118
8585
74120
74122
8588
74125
41357
74126
41360
74130
74133
41366
41370
74140
74143
8607
41378
74147
41379
74148
74151
8615
8616
41385
74155
74154
8624
41392
41393
8627
41397
8629
8630
41402
8637
8638
74181
74182
74188
8654
41424
74196
74199
74200
41438
8673
74229
8696
74235
74234
8705
41476
41490
8723
8724
41496
74265
41498
74268
41502
74270
8737
8740
74277
74279
74278
41511
74285
74287
41521
74293
8759
8774
8775
8779
8783
74324
41559
41561
8794
8799
8800
8801
8808
41578
8813
8815
74358
74361
74362
41595
41598
74370
8835
74375
74377
74379
8854
74392
74394
41628
8865
41634
8866
8868
41636
74405
74409
41645
8878
8879
8884
74423
8887
74424
74426
8892
74431
8894
8896
8897
8898
8899
8901
41670
8904
8906
41674
74445
74447
74446
74450
8918
8925
8927
8935
8941
8943
74480
8948
74485
74484
8949
8950
8951
8953
8956
74495
74497
8963
74498
74501
8964
41734
74502
41738
41743
8975
74510
8980
74519
74520
8987
74529
8994
74530
9002
9008
74547
41781
9015
74550
9016
9017
74557
9021
74556
74558
74561
74560
74563
9029
41798
74569
9035
9038
9041
74580
9045
41819
9052
41822
41824
41825
41826
41843
9078
74615
41847
9080
9081
41849
9082
9083
9087
9088
41856
9090
9094
9096
74637
41871
74644
9111
9113
9116
9118
9119
9120
9122
9123
9124
41894
41895
41896
74667
74670
9136
9137
9140
9141
41910
9146
41918
41925
9166
74705
41939
9171
9172
41942
41943
9182
9190
9192
74732
74734
74737
9203
41972
9208
9209
9210
74748
74751
74752
74755
9218
74754
9219
74759
74760
74764
74773
74772
74775
9239
9245
42021
42022
42023
42024
42025
9258
42028
42032
42035
42036
74804
42038
42042
42044
74815
74817
9282
74821
42054
9289
42059
9291
42060
42068
42074
9308
9312
9313
74853
9317
74852
42085
9319
9320
9323
74861
42093
9325
9326
74863
9333
74871
74870
9336
74873
42105
74872
74875
74874
74877
9340
74876
74879
9343
74878
9345
74880
9346
9347
9348
9350
42122
9354
9356
42126
9361
42133
42135
9367
42136
42139
9371
9375
42143
74913
9377
9381
42150
74919
74921
42152
42154
9390
9393
42161
42167
9400
9401
42172
42173
74948
74951
42187
42189
74958
42191
42192
42198
42202
42203
9442
9444
9446
9447
9452
9456
42225
9459
42227
42232
42233
9466
42235
9471
42240
9473
42245
42246
9481
9482
42251
9484
42254
9488
9492
75029
9494
42262
42266
9500
42275
9512
42281
42286
42292
9526
9527
42300
9533
9535
42304
42307
42315
42318
9551
42325
42327
9560
42328
9561
42329
42342
42344
42345
42351
9588
9589
9591
9592
75128
9593
42361
9594
42363
9595
75132
9597
9599
42367
9601
75139
9602
9603
75138
42371
9604
42372
9607
9609
42377
9610
42381
42382
9614
9616
42393
9627
75165
42397
9630
42399
75166
75169
9632
42400
9633
42401
42402
9634
42404
9637
42405
42408
42409
42410
9644
9646
9650
9659
9667
42437
9669
9670
9673
9674
42442
9675
9676
9678
42448
9683
9687
9688
9689
9694
9696
42468
9700
42471
9705
42476
42484
9721
9728
9732
42507
9744
42514
9749
9754
42522
42525
9757
42528
9760
9761
9766
9768
9769
9771
42540
9772
42541
42544
9779
9786
42555
42556
42561
42562
42563
42564
9797
42567
9805
9811
42580
9814
9815
9817
9818
9821
42589
9831
42600
42602
9835
9836
9838
9849
42617
42622
9855
9856
42626
42630
9869
42637
9870
9871
9872
9873
9875
42644
42648
42656
9891
9899
75441
75443
42675
42681
9915
42684
9916
42690
42691
42692
75462
9927
9929
9930
42699
9933
42704
9938
9940
9941
9944
9951
9952
9953
9954
9962
9965
9966
9969
9970
9971
9978
42747
9980
9983
9993
9995
9996
10004
75542
75544
42780
10017
10020
10021
10022
42790
10023
75558
10025
75565
10030
75566
75569
75571
75570
75572
10040
75577
75578
75584
10053
42821
75594
75599
10063
42831
10064
10066
10067
75602
10068
75607
75611
10074
10079
75614
42850
10082
75618
10085
42856
10088
75624
42863
75632
10097
10103
10105
10106
10108
10112
75648
75653
10117
10118
10119
10120
10122
10123
10124
75671
75670
10136
75672
10138
10139
10144
75681
10145
42913
10148
10149
10159
10161
10165
10166
10168
10169
10183
10193
10194
10199
10211
75746
42981
42982
10217
10218
42986
10219
10222
10238
75779
10245
10255
43026
10263
10268
10277
43048
75818
75821
75823
10288
43056
75826
43060
10293
43061
75828
75831
75832
10299
10300
75843
10307
10309
10313
10314
10315
10316
10317
10323
10327
75865
75864
75866
75868
10336
75875
10338
43109
75879
10342
10343
43111
10344
75881
10345
75883
75885
43116
10348
10350
75891
10356
75892
10360
75899
10363
75900
75903
75902
43137
75904
75908
75913
75912
43145
75915
75914
75917
43149
10384
75920
10386
43156
10388
75925
10389
43158
75926
43160
43161
75928
43162
75931
10394
75933
10397
75935
75937
10401
75939
43170
75941
10406
75943
10408
75945
43177
43178
75947
43179
10411
75951
10415
43185
10418
43188
43189
10422
10423
43191
10425
10428
10429
75966
75969
75968
43203
75973
43204
10439
43207
43208
10440
43209
10441
75976
43210
75978
43211
75980
43213
43214
43215
43217
75984
43218
43219
10451
43220
43221
75988
43222
43223
43224
75993
10457
43225
75995
10458
43226
43227
10459
75997
43228
43229
43230
43231
10463
75998
10464
10465
76000
43233
10467
76002
10468
76004
10469
43238
76007
10470
43239
76006
10472
10473
10474
76011
10475
10476
43244
10477
43246
10478
76014
10479
10480
76016
10481
43250
76019
10482
43252
76021
10484
10485
10486
76023
10487
10489
43257
10492
43261
76031
10495
76032
10497
76034
10501
10502
10503
76041
43273
43274
43275
43276
10508
43277
76047
43279
43280
10513
10514
10516
10517
10518
43287
10519
43288
10520
10521
43289
10523
10524
43292
43293
43294
43295
43296
10528
10529
10530
10531
10537
43307
43308
10540
10541
43309
43310
10543
43311
43312
43313
10548
10556
43325
43328
10560
10568
43341
10576
43346
10607
10609
76146
10612
43386
10625
10627
10628
10632
10633
76174
10642
43420
43426
43427
43433
43434
10674
43445
43446
10686
10691
10697
10701
10702
10703
10704
10705
10707
10709
43478
10711
76250
10715
10716
76257
10720
10721
10729
10736
10739
10743
10744
43514
10750
76286
43528
43530
43533
76305
10768
43539
43541
10776
10778
43546
76317
76316
10782
43550
76319
76320
76322
43555
10788
76328
43563
76332
43568
76336
10801
43576
76347
43579
76346
10811
76348
10815
10817
76355
10820
43592
43593
76362
10829
43604
10837
43606
76374
10841
43614
10849
76389
43629
76401
43632
10864
76407
10871
10875
10877
10883
43654
10888
43656
43657
76426
76429
76431
76430
43664
43668
76436
43669
10903
76442
76446
43679
10911
43681
76453
10922
76461
76463
43695
10928
10930
76469
43707
76474
10946
10954
43725
43726
76497
43728
76496
76499
76498
76500
10974
10975
10983
43754
43755
10992
43760
43762
10996
10997
43766
76534
43768
43769
43772
11008
76545
43778
43780
43781
43784
76557
11024
11026
76570
76573
76583
11055
11056
76608
43847
11082
43855
11089
11091
76628
11094
11095
76630
43867
43868
43869
11101
43870
43875
43876
76644
11111
43881
43883
43884
43885
76654
43889
76666
11132
43907
43908
43909
43910
43914
43917
11156
76693
43924
43925
11158
11161
76700
43934
76703
76702
11168
76706
11172
43941
11174
43942
11175
76713
11177
11178
11179
43947
76717
43949
43950
11183
76723
11189
11192
76728
43961
11195
76733
43965
76734
11199
43967
43968
11201
76739
11203
11204
11205
43973
76743
43975
11207
11208
43977
11209
43980
11214
76750
43983
11215
11217
43985
76755
43988
43990
43994
43996
11230
43999
44005
76772
11238
44006
76774
11239
76778
11243
76783
44017
76784
76787
11250
44019
44020
44021
11256
11260
76796
44034
44035
76802
44036
11271
76811
11275
44044
44049
11281
44050
76820
44053
44054
76822
11289
11290
76826
44062
44064
76835
44066
44069
44070
44071
11304
44072
76841
76840
44073
11305
44074
11307
76842
44079
44080
11313
76854
76859
44093
44094
76863
44096
44097
11330
76867
44100
44104
11340
76876
44112
11344
44114
76883
44116
76887
11351
76889
76891
44122
44123
44124
44127
11363
44132
44135
44136
44137
11373
44143
44144
11379
76918
76921
11385
76925
44158
44160
44161
11393
44162
11394
44167
76936
44172
76941
44173
44174
44177
44180
76948
44185
11418
11421
11424
44193
76960
44194
11432
76971
11439
11442
44211
11448
11450
11451
11455
76993
44225
11460
44229
11461
11462
76998
77000
11465
44233
11466
11467
77002
44237
77004
44238
77006
44240
77010
11476
44245
11477
11479
11481
44250
11482
77019
11483
77020
11486
11492
44260
44261
77028
44262
77032
44265
77035
77034
44268
77037
11500
44269
77039
11502
44272
77041
11504
44273
44274
77043
77042
11509
44277
11510
44279
11516
11517
44286
11518
77054
44288
77057
77063
44296
11536
44307
77077
44309
77085
11551
44321
44326
11561
44329
11562
44332
44333
44334
77102
11567
44336
44337
77107
77106
11571
11572
11582
77119
77124
77127
77128
11608
44381
44383
44386
44389
44391
44392
44393
44399
11632
11633
44404
44406
44407
44408
11647
44415
11650
11652
11654
11655
11656
11657
77195
77196
44429
44430
77199
77198
44432
11668
11669
44437
44438
44439
44440
11675
11676
44449
11684
44454
44456
44457
11694
44462
44464
77232
11704
44473
44474
44478
44483
11717
44493
44497
44498
11731
44499
11733
44502
44503
11737
44506
44507
11744
11750
77289
77290
11761
44533
77303
44542
44543
44544
44545
11785
11786
77323
77325
11788
77324
44562
77333
11799
11801
11806
77343
11807
44580
11818
44588
44590
44595
11828
11829
77369
77368
11844
77387
11851
77395
77394
11863
44633
44634
44636
44637
44638
44639
44641
44646
44650
44657
44658
44659
44661
11894
11896
44665
44666
11899
44669
11904
44674
44678
44679
77448
11914
11916
11924
11927
77466
11934
77471
77470
44704
44706
11939
11940
44708
44709
44710
11942
44711
44712
44713
11949
77486
77490
11963
44736
44738
11973
44744
44747
44756
11997
44767
44768
44769
44770
44773
77540
12006
77542
12007
12015
77555
77556
77565
77568
44801
12034
77570
77576
77581
77583
77585
12049
77584
77587
12050
44818
44819
44820
44822
77591
77592
77594
44828
44831
44832
44833
77603
77602
77605
44837
44838
12072
12073
12075
77615
44850
77619
77620
44854
77625
77627
44867
44871
44874
77642
77644
44879
12117
44887
44890
44895
12131
44899
12134
12135
12136
12137
44908
44916
44918
44922
44925
77699
77701
12165
44934
12167
44936
12175
44946
12184
12197
44970
12207
12208
44978
12210
44983
44988
44989
44993
44999
45004
45005
45007
12239
45008
45009
45011
45012
45013
12246
45018
77786
45021
77790
12256
12257
12258
12260
77797
12267
12279
12284
77821
45055
45057
45058
45059
12295
77830
77833
77832
12298
77835
12299
45072
12305
45076
45084
45086
12318
45088
12321
12328
45098
45102
45104
45105
45106
45107
12340
45109
45110
45111
77887
12353
45127
12361
45135
45140
45142
12376
45153
45154
45157
12389
45161
12394
12395
45164
12396
12398
45168
45169
45170
12402
45171
12406
45179
12411
12412
12419
12428
45197
45213
45218
45220
45221
12453
45223
12456
45227
12461
12462
45232
45234
12467
45236
78007
45238
45241
45243
12476
45244
45245
45246
45247
45248
45249
45253
45256
45260
45261
45263
45265
45266
45267
45268
45281
12513
45282
45283
45284
45285
45287
12523
12525
12526
45298
45303
45304
12538
12540
12542
12546
45316
12548
12550
12551
45319
78086
12552
12553
12554
12557
12559
12568
45337
12570
12577
12579
45350
78119
78125
45361
12593
45362
45363
45364
45365
45368
45369
12602
45370
45371
12604
45372
12605
12606
12607
12608
12619
45391
45399
45401
78170
45403
45404
45405
45406
45415
45418
78186
45422
78197
78196
78199
45435
45436
78205
12669
45437
12672
12673
45443
45451
12683
12685
78229
12693
78228
45461
12698
78237
78238
45471
45473
45475
45476
45478
78246
45500
12735
45505
12737
12738
12741
12742
12745
12750
45519
45524
45528
12770
12771
45542
45551
12784
78329
12794
78331
12795
12797
12801
12802
12803
12804
12807
12811
45580
12812
12815
45584
12816
12817
12820
12821
45589
45591
12823
12830
12833
12842
12843
12844
45613
12845
12846
45615
12848
12850
12852
12857
12858
12862
12863
12866
12867
12869
12870
12872
12876
12879
12882
12890
12891
12893
12894
12895
45664
12898
12899
45667
45668
12900
12901
45669
12902
12903
12904
12905
12907
12908
12909
45680
45681
12915
45683
12919
12932
12934
78473
12939
45719
45721
12953
45725
12961
45729
12963
45731
12965
45733
45734
45735
45738
45739
12972
45740
45741
12975
45744
12976
45752
12984
45753
12986
45757
45760
12992
45764
12997
12998
13001
45770
13002
13003
13008
13009
13010
13011
45780
13012
13013
45781
13014
45784
13016
13018
13024
13025
13026
45795
13027
45796
13030
13031
13033
13034
45803
13037
13038
45806
13039
13040
13041
45809
13042
45810
13043
45812
13044
13045
13046
13047
13048
45817
13049
13055
45823
45825
13057
78597
13064
13065
13072
13074
13075
78614
78617
78616
45851
13084
13093
45862
13097
45866
78635
13099
13102
13104
45874
13107
13108
45877
13109
13110
13111
45880
13117
78655
13118
78654
13119
78658
13126
78662
13127
13128
13129
78669
78668
13136
13140
13141
13142
13143
13152
13154
13155
13158
13163
13166
13169
13171
13173
13174
13178
13179
13180
13181
78716
13184
13188
13192
13193
13195
13196
13200
13201
13204
13205
13212
13213
13214
13217
13221
13224
13227
13229
13230
13232
13239
13241
78779
78778
13245
78782
13248
13258
78796
78799
78805
78808
78811
13282
13286
13290
13292
13299
13305
13314
78853
78855
13318
78854
13319
13326
13327
46095
13328
46098
13330
13335
78873
78874
13340
78876
13341
78878
46113
78889
78893
78892
78895
78894
78897
78899
13369
13373
13374
13379
13380
13386
46154
46155
46157
13389
46158
13390
13392
13393
78928
78931
78930
46166
78934
78937
78938
78941
78940
46174
13407
46177
78949
13413
78951
78952
78955
46192
13426
46196
46197
46198
46200
78979
78986
46222
46223
78990
78995
78994
13461
46251
79029
46266
46267
13502
46270
46271
13507
46276
13510
13511
13514
13515
46283
13516
13517
13518
79054
79065
46297
79064
46299
46302
79071
79072
46308
79076
79078
46312
46319
46327
79097
79099
46333
79104
13575
46345
46346
79115
79119
13584
46358
79127
46359
79126
46360
13593
46362
79133
79135
46367
13600
46369
13603
79140
13609
13611
79149
13613
46382
13616
46385
46387
79157
46389
13621
46392
79163
79165
46397
13629
79167
13630
46399
13632
46400
13633
79170
79175
46408
79176
79187
46418
13654
13655
79194
79200
79202
79204
79206
79208
13676
79217
79216
79218
79221
79220
46453
13691
13692
79231
79230
79232
79235
79234
46470
46473
13711
13712
46481
13713
79251
13714
13719
13726
79264
46502
79272
13738
13739
13740
13741
79294
79298
79301
13764
79304
79312
46546
79314
79317
13786
13787
79326
79329
79328
13794
13803
13805
13809
79350
79355
13821
13824
13851
13852
13860
13862
79401
13866
79404
79406
13877
13878
79415
46649
79421
13885
46655
46656
46657
13889
79430
46664
13896
79436
13916
13921
79462
79466
46703
46704
13945
46716
46718
46719
46720
46721
46722
46723
46725
46727
46729
13972
46744
46746
13980
46763
46765
46766
13999
14001
46770
14003
14004
46772
46775
46778
46779
46781
46783
46787
46788
46791
46792
46798
46802
46808
46811
46812
79580
46815
79585
46817
79586
79589
46824
46825
46826
46827
46828
46829
46830
46831
46832
46833
46834
46836
46837
46838
46840
46841
46849
46856
46858
79628
79631
79630
46864
79633
46865
46866
79635
46868
14103
79641
46872
46873
46874
46875
46877
46878
79648
46882
79650
79652
46886
79654
79657
79656
14121
46890
14122
79658
14125
14128
46896
14129
14130
14132
46902
14135
46904
14136
79675
46907
14142
46911
46912
79680
79683
46914
46915
14147
46917
14150
14152
14154
79692
79695
14159
79697
14162
79698
46933
46934
46936
46937
14169
14170
14173
46942
14174
14175
14177
14179
46947
14180
14181
46949
46950
14182
46951
14184
46952
79720
46953
46954
14187
14188
46956
14189
14190
46958
14191
14192
14193
46962
14194
14195
14196
46965
14197
79735
14200
46968
46970
14203
14208
14209
14212
14213
46981
14214
14215
14216
46984
79752
14217
46987
14220
46989
14221
14222
14223
14224
14225
46994
14226
14227
79765
14229
14230
14231
14232
47002
14235
47004
14236
47006
79774
14239
14240
14241
14242
14243
14245
14246
79782
14247
14248
14249
79784
47019
47020
47026
47030
14264
47033
14265
47035
47036
79807
47038
47039
79806
14272
14273
47045
14277
47046
14282
47050
14285
47053
14288
47056
47057
47058
14290
47059
14291
14292
47060
47061
14293
47063
47065
47067
47069
47071
14307
47078
47079
47080
47081
47082
14314
14316
14318
47087
14319
14320
47088
47089
47090
47093
47095
79862
14327
47096
47098
79867
14333
14335
47103
47104
79873
14338
47109
47110
47111
47112
47114
47120
14353
14354
47122
47125
47127
47130
47133
14368
47136
14371
47141
47142
47144
47145
47146
14385
47154
14388
14389
14391
47162
14395
47164
14397
14400
79940
47175
47181
14415
47189
14421
47190
14422
47191
47192
47193
47194
47197
14429
47200
47201
47204
47205
14438
47208
14440
14444
47212
14445
47213
14446
14450
14451
47220
14455
47225
14458
14461
14466
14468
47236
14469
47243
14476
80012
14479
14481
47250
14498
47268
14502
14503
14506
80043
47275
14509
47278
80053
47286
80055
80054
80056
80058
80061
47294
80062
80067
80068
80071
47304
14536
14537
47305
80072
47306
47307
80074
47310
80079
80078
14543
80080
80083
47315
14549
14554
80091
47323
14555
80093
14557
80095
14559
47327
14561
14562
14564
14565
14566
80102
14567
80106
14571
14572
14574
80110
80114
80117
14581
80119
80121
47352
14587
14588
80125
47356
14589
14590
80127
47358
80129
80128
14593
80131
80130
47365
14598
14599
14601
14604
80144
47379
80149
47381
47383
14617
47386
80164
14632
80171
14637
14638
80174
14639
80177
14643
14646
14647
47421
47422
47423
14659
47428
14664
47435
14670
47443
14676
47445
14677
47446
14679
14681
47454
80223
14688
80225
14689
14690
47464
47465
47466
14699
14700
80236
14701
14704
80240
14706
14708
14709
47478
14717
80252
80255
14719
14720
80257
14721
47489
80259
14722
14723
80258
14724
80261
80260
14729
80267
80269
80268
14733
14734
14735
14737
14738
14739
14740
14741
80279
14743
14746
14747
80282
14750
14751
80286
14755
80293
80295
14759
14760
14761
47530
47531
14764
47532
14765
80300
47534
14766
14767
47536
14769
47537
47539
14771
14773
14775
14779
47552
47553
47560
47561
47562
47566
80334
80340
47577
14811
47581
47586
14821
80358
80360
14827
80362
47596
47597
80367
47598
80366
47600
80370
47603
80372
14837
80375
47607
14839
80374
80377
80376
80379
47610
80378
47613
14847
80382
80385
80389
14853
14854
47626
14858
14859
47627
47628
14861
14865
14867
47637
14869
80407
14871
14873
14886
47655
47656
14890
14892
80429
14893
80431
80430
14898
80434
47669
14901
14902
14904
14908
80446
80449
80448
80467
14931
14932
14935
14937
80477
47709
80479
47712
80481
14944
80483
14955
14957
80495
14959
14961
14962
14963
14967
14968
14971
14998
15000
80546
80548
80551
80550
80552
80557
80561
15029
80567
80569
80568
15048
15051
15052
15063
15064
15068
15070
15076
80613
80615
15079
15086
15090
47866
15100
80642
80645
80644
80647
80649
15114
15115
15123
47891
47892
15126
80669
15134
15136
47905
80676
15141
47910
47911
15143
47912
47914
15147
47915
47916
15149
47917
15150
15153
15154
15162
47931
80703
47935
47939
47941
47942
47944
47945
47946
47947
47948
47949
80718
80721
47952
15184
47953
47956
47957
47960
80729
47961
47963
47964
47967
47972
47973
47985
47987
47989
15223
47992
47993
15231
48005
15238
48006
48007
48008
15241
48009
48015
48017
48018
48019
48021
15253
48024
48025
48027
48032
48039
48045
48046
48051
48052
48053
48054
48058
48060
48061
48068
48069
48072
48081
48088
15326
48097
48098
48099
48104
15338
15341
48110
15346
48114
15347
48121
15356
15357
15358
15359
48127
48132
48135
48138
48142
48143
48151
48153
48154
48156
48157
48158
48159
48160
48161
48162
48163
48164
48165
48166
48167
48168
15401
48170
48172
48173
48176
15408
15410
48178
48179
48180
48181
48182
48183
48184
48185
48187
48188
15424
48192
48193
48194
48195
48198
15432
48201
15435
48205
48206
48207
48209
48210
15442
48211
48213
15446
48214
48219
48221
48224
48228
48231
15465
48233
48235
48240
15472
48243
48248
48249
15487
15491
48259
15492
48261
15495
48266
15503
48272
15505
48273
48281
15515
15519
48288
15522
48291
15527
15529
15530
15531
15532
15538
48312
48315
15550
48320
48327
15564
48333
48335
48338
15574
48346
15581
48349
48356
48358
15590
48359
48361
48366
48367
48368
15601
48371
15613
48385
48388
15621
48399
15631
48403
48404
15636
48405
15642
48411
48412
48413
48415
15647
48416
48419
48421
15653
48425
48426
15667
15668
15669
15670
15674
48445
15677
48447
48455
15690
15702
15705
48477
48482
48485
48487
15720
48493
48497
48499
48507
48508
48510
48514
48515
48516
48518
48519
48521
48523
48525
48526
15760
15761
48529
15762
48531
15764
15765
15766
15767
48538
48539
48543
15777
48547
48553
15785
48554
48561
15795
48564
15798
48570
15802
15803
15807
15808
48577
48582
48589
48590
15827
48599
48602
48606
48609
48615
48621
48624
48627
48632
48634
48635
48637
48638
48646
48653
15888
48657
48659
48668
15902
48671
48672
48673
15910
48684
15916
48685
48686
48688
48691
48692
15926
48695
15927
15928
15929
15936
48704
15938
48706
48710
48712
48713
48714
48715
48716
15953
15955
48730
48731
48732
15973
15975
48749
15981
48750
48754
48758
15990
16005
16006
16007
48783
16015
16019
16020
16021
16022
16023
16024
16025
48794
16026
16027
48795
16028
16029
16030
16031
16032
16033
16034
16035
16038
16039
16040
16041
48809
16042
16044
48813
16047
48816
48818
48819
16054
16056
16059
16065
16066
48834
48838
16078
16083
16087
48855
16091
16092
48861
16094
48864
48865
48866
48867
48868
48870
16108
48878
16111
16113
48882
16114
48885
48888
48891
16124
16125
16126
16127
48897
48898
16131
48899
48900
48901
16133
16137
48907
48910
48911
48914
48916
16158
48927
48928
48931
48935
48936
16171
16172
48944
16177
48946
16178
16181
16183
16185
48956
16189
48958
16194
16196
16197
16200
16201
16203
16205
16206
16209
16210
16211
16212
16213
16214
48982
16215
16218
48988
16224
16225
16228
16230
48998
16231
16232
49000
16233
16234
16235
16236
16237
49010
16242
16245
49015
49018
16250
16252
16253
49021
16254
49024
49026
16259
16260
16262
16263
49033
16266
16267
49035
16268
16270
49038
16273
16275
16277
16279
16284
49055
49058
16294
49062
16295
16299
16301
49069
49070
16302
16303
16309
16310
16312
16313
16315
49084
16318
49088
16323
16329
16335
16340
16344
16346
16347
16348
16352
16355
16360
49128
16362
16363
49133
49134
16367
49135
49137
16369
16370
49138
16371
16372
49140
49141
16374
49142
49143
49144
49145
49147
49149
49150
16382
16385
16386
16387
16390
16392
16394
16396
16403
16406
16407
16413
49181
16414
16415
16423
16430
49200
16433
16434
49202
16438
49207
49208
16440
49209
16444
16445
16446
16447
16449
16450
16451
49223
49228
49229
49230
49231
49232
16464
49233
16467
49235
16469
49237
16470
16471
16473
16484
16486
16487
16501
16504
16508
16514
16516
16518
16520
16534
16544
16548
16550
16551
16552
16553
16557
16558
16565
16570
16571
16572
16575
16576
16585
16591
16592
16599
16601
16604
16607
16608
16613
16614
16619
16622
16635
16641
16647
16653
16655
16656
16664
16668
16672
16673
16676
16678
16685
16696
16699
16700
16701
16712
16714
16724
16725
16727
16728
16730
16750
16751
16758
16759
16763
16764
16788
16813
49598
49599
49600
49601
49602
16834
49603
49606
16838
49608
16840
16841
16842
49612
16846
49616
16852
16859
49632
16868
16870
16871
16872
16874
16883
16891
49659
16897
16901
16902
49674
16908
16909
16913
16915
16917
49686
49687
16921
16924
49692
49695
49700
16935
16937
16943
49716
16958
49727
16960
16961
49738
16970
49741
16974
16975
16976
49745
16979
16980
16982
16984
16985
49753
49754
49755
49756
16995
49763
16996
49765
16998
49768
49769
49771
17003
49772
17004
17005
49774
17006
49777
49778
17013
17014
17015
49785
17030
17038
17040
17043
17044
17048
17056
17057
17059
17063
17064
17065
17066
17067
49838
17073
49841
49842
49843
17076
49844
17077
49847
49849
17085
49855
49856
49857
17090
49860
49861
17094
49863
17096
49866
17103
49873
17111
49886
17119
17120
49889
17121
17122
17123
17128
17129
17130
17135
17137
49909
17147
49919
49920
17162
49937
49940
49941
17180
17182
17216
49989
49999
50000
17234
50003
50006
50007
17244
50014
50017
17251
50020
17257
50027
50030
17264
17265
50034
50037
50040
17275
50044
50048
50055
17293
17294
17296
50067
50069
17303
17309
17310
50082
17314
17316
17320
17322
17323
50098
50101
50105
17340
17341
17342
17345
17346
17347
17349
50117
17350
17351
17352
17353
17354
17355
17356
17357
50132
50135
50137
50138
17392
17393
17395
50166
17399
50168
17402
17407
17408
50178
17413
50187
50188
17420
17422
17425
50193
50194
50195
17430
17431
17432
17433
17435
50206
17440
17443
17447
17451
50222
17457
50229
17463
17464
50234
17467
50235
50250
17485
17487
50260
17495
17496
17505
17507
17508
17511
17513
17516
17518
17522
17527
17531
50303
17539
17543
17547
17562
17563
17564
17565
17566
50336
17581
17583
17584
17589
17600
17602
17603
17607
50376
17608
50381
17619
50390
17623
50395
50397
50400
50403
50404
50406
50407
50409
50413
50414
50415
50419
50421
17653
50423
50427
17660
50429
50430
17662
50431
50432
50433
17665
17666
17667
17668
50436
17669
50437
50438
17670
50439
17671
50440
17673
17674
50442
17675
50444
17677
17679
50447
17680
17681
17688
50457
17691
50465
17699
17701
50474
50478
50482
17715
50507
50516
50517
50518
50519
17753
50524
50525
50526
50527
17764
17766
50538
50543
50546
17779
50548
17786
17787
50558
17790
17791
17792
17798
50567
50568
50572
17806
17809
17811
50583
17816
17819
50590
50597
50605
50616
50633
50639
50640
50644
50647
50648
50649
50652
50653
50654
50655
50659
50660
50669
17915
50684
50686
50687
50688
50689
50690
50692
50696
50701
50702
50712
50715
17968
17969
50745
50746
50755
50759
17992
17997
50766
50768
18000
18001
18002
18006
18008
18009
18010
18017
50789
18021
18030
18034
18035
50804
18037
18038
18040
50809
18041
18042
18043
18046
18047
18049
18051
18052
18053
18056
18060
50830
50831
50832
50833
18066
50835
18067
18068
50838
18070
50839
50840
18073
50843
50844
50845
18077
18078
50847
50848
50849
50850
50851
50852
18084
50854
50855
50856
18092
18094
18096
18097
18098
18099
18101
18102
50870
18106
18108
18109
18111
50879
50881
18118
50886
18120
50889
18121
18122
18125
50893
18126
18127
50898
18131
50901
18134
18136
18137
18138
50907
18140
50908
18141
18142
18143
18147
18149
18152
18153
18154
18155
18156
18157
50927
18161
18162
18164
50933
18166
18168
50939
18171
18172
18175
18176
18177
18178
18179
18180
18181
18184
18186
18187
18189
18193
18194
18195
18198
18199
50967
18201
18207
18214
18215
50985
50986
50987
50988
18221
50989
18222
18223
18224
18225
18228
18229
18231
51002
18235
18236
18237
18240
18242
18243
18247
18250
18252
51020
51021
51023
18258
51027
51029
18261
51034
18266
18268
51038
18270
51042
18275
18277
18278
18282
51054
18290
18295
51064
18304
18305
51073
18308
18310
18312
18315
18317
18319
51087
18320
18331
18333
18336
51108
51109
18341
18342
51110
51111
18343
51113
51120
18355
51127
51128
18360
18366
18369
51140
51141
18373
51142
18376
51145
18378
51146
18379
18385
51153
51154
18388
18389
18391
51159
51160
51161
18393
51162
51163
51165
51166
51167
18399
18402
51170
18403
18404
51173
18407
18408
51180
51181
18414
18415
51188
18420
18426
51194
18427
18430
18441
18445
51214
18446
18447
18448
18449
18452
18453
18457
18460
51234
18467
18474
18475
18477
18480
51251
51252
51253
18486
51257
51258
18493
18494
18495
18496
18497
51266
18504
18506
51281
18515
18517
18518
18521
18523
51293
18529
18530
18531
18533
18538
18540
51312
51314
51315
18548
51321
18556
51324
18557
18558
51327
18562
18566
18570
18572
18574
51344
18576
18579
18580
18585
18586
18587
18589
18591
51359
51363
18596
18601
18602
51371
18606
18612
18613
18615
18616
18617
18618
51388
51390
18623
18624
51396
18631
18634
51403
18636
18641
18644
18645
18648
18653
18661
18667
51435
18669
51437
51439
18671
18673
51443
51444
51445
18678
18679
51448
51449
18685
51457
51459
51463
51464
51465
51468
18701
18703
51471
51475
51481
18714
18717
51486
18719
51491
18724
51496
51497
18732
18734
51502
18737
18748
18749
51518
18751
51519
18753
18755
51524
18757
18760
18761
51529
18766
18769
18770
18772
51541
18774
51544
51545
18784
51554
51556
18791
18792
18794
18796
18797
18799
18805
51575
18814
51587
18825
51594
51597
18830
51599
18832
51601
18834
18835
18837
18838
18839
18841
18842
18843
51611
51612
51613
51614
18848
51619
18851
51620
18852
51623
51624
51625
51627
18860
51629
18863
51633
18867
18869
18870
51638
51639
51644
18879
18881
51651
18883
51652
51653
51656
51657
51663
51665
51667
18899
51668
51672
18904
51674
18906
18907
51679
51682
51684
51686
18919
18920
51688
18922
51690
18923
18924
18926
18928
18929
18930
18931
18932
18935
18937
18941
18942
18943
18947
18948
18953
51726
51727
51729
18962
51732
18964
18970
18972
51744
18977
18983
18984
18989
51760
18992
18996
19000
51769
51770
19006
19010
51779
19015
19019
51791
51792
19039
19042
19045
19048
19051
19052
19055
51826
19060
19061
19062
19065
19067
19077
51846
19079
51848
51850
51851
51853
51854
51855
51856
19094
19099
19101
51874
19107
19109
19111
51879
51883
19116
19117
19119
19121
19123
51892
19126
51897
19131
19133
51903
19135
19136
51905
19140
51911
19148
51918
19155
51925
19159
19160
19161
19169
51939
19175
51955
19194
19196
19202
51973
51974
19210
51985
19217
19228
52000
52005
52010
52015
52017
19251
52021
19253
19254
52023
19256
19257
52027
52029
19265
19266
19267
52037
52039
19273
52041
19275
19276
19283
19286
19296
52066
19299
52067
19302
19303
19307
52079
19312
19315
52093
19327
19328
19334
19350
52122
19356
52126
19359
52128
52130
52134
19366
19367
19368
52140
19374
52144
52145
19377
19379
52148
52149
19383
52156
52157
52158
52161
52166
52168
52171
19414
19417
19423
19425
52197
19430
52200
52201
52202
52204
19437
52205
52206
19439
19442
52210
52212
52214
52216
19453
52224
52226
52227
19462
52230
19463
52233
19467
19470
52241
19473
52243
19477
19479
52251
52254
52257
52258
19491
52260
19494
52262
52263
19498
19501
19503
52272
52273
52274
19514
19515
19516
52284
19517
52289
19522
19523
19524
52296
19528
19529
52297
19538
52307
19539
19540
52311
19543
52313
52314
19549
52318
19554
52322
19556
52326
19558
52327
19560
52329
19562
52333
52335
52336
19570
19571
19572
52340
52341
19574
52342
52343
19576
52352
19585
52356
19590
19591
19593
19594
52362
19595
52363
52366
52368
52371
19604
52373
19608
19611
19612
52383
19615
52384
52385
19617
19618
52386
52388
19622
52391
52392
52395
52397
52399
19632
52404
19636
19642
52416
52417
19652
52422
19656
19657
19658
19666
52437
52440
19674
52442
52443
19679
52448
19681
52463
19697
52465
19698
52468
19702
52471
52473
19706
52475
19716
19719
52488
52489
52492
19726
19732
19733
19739
19740
19741
52511
52514
19749
19751
19761
52535
19768
52539
19771
52540
52541
19773
52542
52544
19776
52545
52546
52548
19781
52549
52550
52551
52552
52554
52556
52557
52561
19793
19795
19796
19809
19810
19818
19831
19835
19837
52606
19838
19840
52613
52616
52619
19856
19858
52628
52631
19863
19867
52637
52643
19875
52645
52646
52647
19880
19882
52650
52651
52653
19886
19888
19890
52661
52663
19895
52664
19897
52665
52667
19899
19900
19901
52671
52672
52673
19907
52675
19911
52679
52680
52682
19915
52684
19921
52690
19925
52693
52696
52698
52700
19935
52705
19937
19938
52706
19940
52708
52710
19943
52712
52713
52716
52717
19949
19950
19952
52721
52722
19955
52724
52725
52726
52727
19959
52731
52732
19964
52733
52736
19968
19971
52739
52744
52745
52747
19979
52748
19984
19986
52754
52760
52764
52766
19999
52767
52769
52770
20003
20004
20008
52783
52784
52785
20025
52796
20028
20032
52804
52805
52809
52810
52815
52817
52819
20053
52821
52824
52826
20059
52828
52829
52831
52833
52838
20074
52846
20087
20089
20097
20102
52873
20123
52898
20140
20142
52911
52918
20154
52924
52925
52926
52927
52929
52931
20164
20165
52936
20169
52937
20170
52939
20173
20174
52943
52944
52945
52946
52947
52948
20181
52952
52954
52957
52958
20190
52959
52960
52963
52964
20196
52965
20197
52966
52967
20200
52971
52973
52975
52978
52979
52983
20217
52986
20218
52987
52989
20222
20223
20224
20230
52999
53000
20232
20233
20236
20237
20238
53006
20239
53008
53010
53012
20244
53013
20245
53014
53017
20249
20250
53018
20251
53021
20253
53024
20257
53027
20260
53028
20263
53037
53038
20274
20275
53045
20277
53046
53047
20281
53049
53050
20282
53051
20283
53052
53054
53055
53056
20289
53057
53058
53059
53060
53061
53062
20296
20297
53065
20298
53066
53068
53069
20304
53075
20308
53076
53077
53078
20311
53079
53082
53083
53084
53085
53086
20319
53088
53089
20323
53092
53095
53096
53098
20332
20333
20335
53104
20336
53106
20338
53109
53110
53111
53112
20345
53113
53115
53120
20353
20357
20358
53127
20359
20360
20361
53130
20365
53134
20367
20368
20369
20370
20373
20374
20375
20378
20379
53148
53150
20382
20384
20388
20389
53160
53162
20396
53167
20399
20400
53169
20402
20403
53175
53176
53177
20410
20411
53179
20412
53182
20415
53185
53191
53197
53201
53202
53204
53205
20439
53207
53209
20444
20446
53215
20449
20450
20452
53222
20454
20459
53228
53231
53234
20473
20474
20475
53243
20477
53247
53248
53256
20489
20492
53264
53268
20502
53271
20503
53272
20505
20506
20507
20508
20509
53277
53278
20510
53281
53284
53285
53286
20519
53287
53291
20524
20525
20526
20527
53296
20537
53310
20543
53311
53312
53313
53314
20546
53315
53318
53319
53324
20557
20558
20569
53337
20571
53340
53342
20576
53344
20579
20582
53352
20585
20586
20587
20588
20589
53358
20590
20593
20596
20597
20600
53369
20601
53370
53382
53384
53386
53387
53390
53397
20629
20632
20633
20634
20635
20636
20637
20638
53407
20639
20640
53408
20641
20642
53410
53411
20643
20644
20645
53415
20648
20653
20655
20657
20663
20665
53436
20670
20673
53446
20679
53450
53452
20688
53459
53460
53461
20693
53462
20694
20696
20698
20703
53473
20706
20710
53478
20712
20713
20714
20715
20717
20722
53493
53494
53495
20729
20730
20732
53501
20734
20738
53507
20743
20749
20750
20751
53520
20752
20755
53524
53535
20767
20768
53536
53537
20771
53540
20773
53542
20776
53546
53548
20782
53551
20784
20786
20787
20791
20792
20794
20796
20798
53566
20799
53577
20810
20811
20814
20818
53586
20823
53592
53596
53597
53599
20831
20832
53601
53603
53605
20840
53608
53609
53610
20848
20852
20854
20858
53629
53630
20863
53632
20874
53642
53645
53646
53647
20880
53653
20887
53658
20891
53661
53662
53663
20896
20898
20899
53671
20905
20908
20909
53680
20913
53681
53682
20914
53683
20916
20920
20929
20936
53708
53709
53714
53719
53720
20953
53727
53734
53735
53736
53739
20971
53740
53741
53742
53744
53745
53746
20979
53747
53750
53751
53753
53754
20987
53755
20991
53760
53761
20994
53762
20995
53763
53766
53768
53770
53771
53774
53775
21008
53776
21009
53777
53778
53779
53780
53781
53782
21015
53783
53784
53785
53786
53787
53788
21020
21021
53789
53790
53791
21023
53792
21025
53793
53794
53795
21027
53796
53797
21029
53798
53799
53800
21032
21033
53801
53802
21034
53803
21036
53804
53805
53806
53807
53808
21041
53809
21042
53810
53811
53812
53813
53814
53815
53816
53817
53818
21050
21051
53819
53820
53821
21058
53827
21060
53829
53830
53831
21064
21066
53835
21069
53837
53842
21078
53846
21079
21082
21085
21088
21090
21092
53860
21093
53862
53863
21096
53864
21097
21098
21101
53870
21102
21107
21108
21110
21111
21118
21121
21122
53891
21123
53894
21126
21129
21141
21143
21145
21146
21147
21148
21149
53921
21154
21155
21156
21157
21158
21162
21164
21168
21173
53950
21186
21187
21188
21190
53958
21191
21192
21193
21195
21197
53965
53966
53967
53968
21200
53969
53970
21203
53972
21205
21209
21213
53982
21216
21217
21218
21220
21221
21231
21232
21238
21239
21240
21244
21251
21256
54027
21259
21270
21278
21283
21287
21289
21297
21302
21306
21313
21316
21332
54104
21338
21344
21345
21349
21355
21357
21365
21371
54142
54145
54146
21378
54147
54148
54149
54150
54151
21383
54152
54153
54154
54155
54156
54158
21392
21393
21394
21395
54165
54170
54171
21405
21407
54179
21411
21412
54184
21418
21419
54187
21420
21427
21432
54202
21434
54204
21441
21442
21450
21455
21460
21464
21474
21475
21480
21484
21486
21489
21491
21492
21493
21494
21495
21499
21500
21505
54275
54276
21508
54277
54278
21511
54280
54281
21513
54283
21516
54284
21517
54286
54287
54288
21521
54289
54290
21522
21525
54293
21526
21528
54296
21530
21531
54302
21534
54303
21535
54304
54307
21540
54310
21543
21544
21545
54314
54315
21547
54316
54318
21550
54319
21552
21553
54321
54322
21567
21572
21590
54367
21623
54404
21651
21666
21673
54442
21674
54445
21683
54453
54456
54466
21718
21732
21741
21747
21749
21751
54532
54533
54534
54535
54537
54538
54539
54540
21776
54544
21780
54550
21782
21808
54577
21810
54578
54579
54580
54581
54582
54584
54587
54589
21821
21822
54591
54592
21828
54598
21833
21835
54605
54606
54612
21847
21848
21850
54619
54624
21859
54634
21867
54635
54636
21870
54638
21871
54640
54642
21874
21877
21878
54647
21883
54653
21886
54655
21895
21896
21901
54670
54674
54676
21909
21912
54681
21923
54694
21930
21931
21937
54722
54723
21956
21958
54726
54728
21960
54734
21969
21970
21975
21979
54751
54756
21989
21992
21994
21995
22001
22002
54771
22003
54775
22007
22016
22024
22025
54794
54795
22028
22032
22034
22038
22039
22046
54815
22048
22055
22059
22061
22065
22075
22081
22082
22086
22090
22091
22092
22100
22101
22103
22111
22119
22120
22121
22122
22124
22126
22127
22128
22132
22135
22136
22138
22145
54916
22151
22152
22153
22154
54923
22162
22171
22173
54942
54950
54956
54958
54960
54961
54967
54976
54977
54978
54979
54982
54985
22219
22220
54991
22229
22234
22235
55003
55004
55007
22239
55011
55013
22246
55015
55017
55019
55021
55023
55025
55031
55036
22272
55041
22275
55047
55050
22284
55055
55057
55064
55067
22299
55071
22303
55073
55076
55080
55090
55094
55096
55099
55101
55102
55103
55106
55108
22340
22344
55114
55115
55119
55121
55123
55126
22359
55129
55131
55133
55142
55148
22380
55150
55151
55152
55155
55157
22389
55159
55168
22404
55175
55177
55179
55181
55188
55190
55196
22430
22431
55199
55202
55204
22436
55205
22438
55208
22443
55217
22451
22452
55221
55224
55227
55229
55231
22464
22465
55234
22466
55238
22473
22475
55243
22477
22478
55246
55250
22484
55253
55256
55260
55262
55265
22497
22499
22506
55276
22509
55281
55283
22517
22518
55291
55292
22530
55307
55310
22544
22545
22547
22548
22549
22550
22551
22552
55322
55332
55336
22574
22577
55345
22578
55348
55349
22582
55352
22587
55357
22593
22594
22597
22598
55370
55372
55375
55378
22612
55381
22613
22614
55384
22618
55388
55390
22624
22625
55394
22628
22632
55400
22634
22635
22637
55405
55411
55416
55418
55420
22654
55423
22655
22656
55426
55432
55436
55440
55443
55447
22682
55450
55454
22687
22688
55457
22689
55458
55461
22697
22698
22699
22705
22708
55482
55485
55487
55488
55492
55496
22736
55505
55507
55509
55510
55513
55515
55516
55517
55519
22752
22753
55522
22754
22758
55527
55529
55530
55535
55536
22769
55537
55538
55539
55542
55543
55545
22781
55550
55552
55561
22793
55564
55566
22799
55568
22800
55569
55570
22804
55576
55578
55580
55582
55583
55584
55588
22820
22821
55591
55595
55604
22837
55606
55608
22843
55611
22850
55619
22858
22864
55633
22869
55644
22879
55649
55655
55661
22895
22896
55668
22903
55673
55678
22911
55684
22918
22927
22928
22929
55719
55750
22983
22984
22985
22986
55756
22991
22995
22996
22999
55768
23003
55777
23011
23016
55786
23019
23023
23024
55793
23026
23027
23028
23029
23031
55800
23033
23034
23036
55807
23040
23041
55810
23042
23044
23048
23050
23051
23053
23054
23057
23065
55835
23071
55843
23076
55848
55850
23082
23084
55856
55860
23094
55864
23098
23099
55868
23102
55872
55875
55877
23113
55883
23115
23116
23117
55887
23119
23121
23122
55891
23124
23125
23126
55894
23127
23129
23130
23133
55901
23137
55910
55913
55914
55916
23150
23151
23152
55920
23155
23156
55926
23159
23160
23161
55930
23162
55931
55932
23169
23177
23178
23181
23182
55957
23190
55959
23193
55963
23196
55965
23197
55967
23199
23200
23201
55972
55975
55978
23213
23214
55983
23217
55991
23223
23229
23230
55999
56001
56005
23238
23239
23240
23241
23242
23244
56013
23246
56014
23248
23249
56018
23253
23254
56024
23258
23260
56029
23262
23264
56034
23266
56036
23268
23270
56040
23272
23273
23275
23276
23278
23280
23282
56050
23288
23290
23292
56061
23293
56063
56065
23300
56069
23305
56073
56076
56078
56081
56084
56090
56093
56096
56112
56113
56122
23359
23362
56131
56133
56136
56138
56142
23374
23375
23376
23378
56150
23385
23386
56154
23388
56158
23392
56163
56170
23402
23403
23405
23406
23408
56178
23411
56180
56182
23414
23415
23416
23417
56188
23420
23421
23422
23423
23424
23425
23426
23427
56196
56199
56203
23436
23438
56207
23440
23441
23442
23445
56213
56214
56217
23450
56219
23452
23453
56223
23455
23457
23459
56230
56234
23467
56238
23475
23479
56247
56251
23484
23489
56259
56264
23496
23500
23502
23503
56271
56272
56274
56277
23510
23512
56282
23514
23516
23518
56286
23523
56292
23525
23526
23528
23529
56297
23531
23532
56304
23538
23539
23540
56310
23543
56314
23547
23548
56319
23552
23554
23555
23557
23560
23561
23563
23568
56336
23571
23572
56342
23575
23576
23578
23580
23583
56354
56360
56365
56369
56371
56374
56378
56381
23617
56386
56387
56391
56394
56397
23629
23631
56400
56401
56405
23638
23639
56408
23640
23642
23644
56412
23646
56417
23654
23656
23657
23658
56426
23661
23662
23663
56431
56433
23669
23670
23672
56441
23673
23675
56445
23677
23678
23679
56451
23684
56452
23685
23686
23687
23688
56457
23689
23692
56460
23693
23696
56468
23701
23704
56476
23708
56479
23713
56483
23716
56486
56488
56489
23724
23725
56498
23732
56502
56506
56513
56521
56529
56531
56534
56537
56541
23779
23781
56551
56557
23790
56560
56561
56562
56566
56569
56570
56571
56572
56576
56580
56584
56588
56591
56592
56593
56594
56595
56596
56598
56601
56605
56606
56609
56611
56612
56613
56614
56616
56626
56627
56628
56630
56632
56633
56634
56635
56636
56637
56638
56639
56640
56641
56642
56643
56644
56645
56646
56649
56651
56654
56655
56657
56659
56666
56670
56677
56678
56679
56680
56685
56686
56687
56688
56689
56690
56691
56692
56693
56697
56701
56703
56707
56709
56710
56715
56716
56717
56719
56720
56722
56724
56726
56727
56728
56729
56734
56738
56742
56743
56744
56746
56750
56753
56756
56760
56762
56763
56764
56768
56770
56771
56772
56777
56778
56780
56781
56790
56791
56792
56793
56794
56813
56815
56821
56827
56828
56829
56830
56831
56832
56838
56843
56844
56846
56853
56858
56861
56862
56863
56864
56865
56866
56867
56869
56870
56872
56873
56874
56876
56877
56880
56881
56882
56883
56885
56886
56887
56888
56889
56891
56892
56894
56898
56902
56904
56907
56908
56910
24146
56923
56924
56926
56928
56929
56930
24163
56933
56934
56936
56937
56938
56940
56941
56942
56943
24176
56944
56945
24177
56947
56949
24182
56950
24183
56951
56952
56953
56954
24187
56955
56959
56960
56962
56967
56968
56969
56970
56971
56976
56977
56982
56983
56984
56989
56995
56996
56997
56998
57000
57001
57003
57004
57005
57007
57008
57009
57010
57011
24245
57013
24246
57015
57016
24248
57017
24249
24250
57021
24255
57023
24257
57025
57026
24259
24266
57037
24270
24271
24272
24273
57041
24274
24275
24276
57045
24277
57046
24278
57047
24279
24280
57048
24281
24282
57050
24283
24284
24285
57054
24286
24287
57055
57056
24288
24289
57057
24290
57058
57059
24291
24292
24293
24294
24295
57063
57064
24296
24297
24298
57066
24299
24300
24301
57070
24302
57071
24303
24304
57072
57073
24305
24306
57074
24307
57075
57076
24308
24309
24310
24311
57079
57080
24312
24313
57081
57082
24314
57083
24315
57084
24316
24317
57085
24318
57086
24319
57087
24320
24321
24322
24323
24324
24325
57094
24326
24327
57095
24328
24329
57097
24330
24331
24332
24333
24334
24335
24336
24337
24338
24339
24340
24341
24342
24343
24344
24345
57113
57114
24346
57115
24347
24348
57117
24349
24350
57119
24351
24352
24353
57121
24354
24355
24356
24357
24358
24359
57127
24360
57128
24361
57129
24362
57130
24363
24364
24365
24366
57135
24367
24368
57136
24369
24370
57138
24371
57139
24372
57140
24373
57141
57142
24374
24375
57143
57144
24376
24377
24378
57146
24379
24380
24381
57150
24383
57152
24384
24385
57154
24386
24387
57156
24388
57157
24389
24390
24391
57159
24392
24393
57162
24394
24395
24396
24397
57165
57166
24398
24399
24400
24401
57169
24402
57170
24403
57172
24404
24405
24406
24407
24408
24409
24410
57178
24411
24412
24413
57181
24414
57182
24415
57184
24416
57185
24417
24418
57186
24419
24420
57189
24421
24422
57190
24423
24424
24425
24426
24427
57196
24428
24429
57198
24430
24431
24432
24433
24434
24435
24436
24437
24438
57206
24439
24440
24441
57210
24442
24443
24444
57212
24445
57213
24446
57214
24447
24448
57216
24449
57217
24450
57218
24451
24452
24453
24454
24455
24456
57224
24457
57226
24458
24459
57228
24460
57229
24461
24462
24463
57231
57232
24464
24465
57233
24466
57234
24467
57235
24468
57237
24470
57238
57239
24471
57240
24472
57241
24473
24474
24475
57244
24476
24477
57245
57246
24478
57247
24480
57248
24481
24482
24483
24484
57253
24486
24487
24489
24490
24491
24492
57261
24493
24496
24497
24498
57267
24499
24500
24501
57269
57270
24502
24503
57271
24504
57272
24505
57273
24506
24507
57275
24508
24509
24510
57278
24511
24512
24513
24514
24515
24516
24517
24518
24519
24520
57289
24521
24522
57291
24523
24524
24526
24527
24528
24529
24530
24532
24534
57303
24535
24536
24537
24538
24539
24540
24541
24542
24543
57312
24544
24545
57313
24546
24547
24548
24549
24550
24551
24552
24553
24554
24555
57323
24556
57324
24557
57325
24558
24559
24560
24565
24566
24567
24568
24569
24570
24571
24572
57340
24573
24575
57345
57350
24586
57361
57362
57363
24598
57369
24601
24607
24609
24611
24617
24618
57391
57397
57398
24634
57412
57419
57420
57421
57427
57429
57430
57431
57439
57441
57442
57443
57454
57459
57460
57461
57462
57466
57468
57469
57471
24705
57474
57475
57481
24713
57484
57487
57488
57491
24726
57494
57496
57497
57503
24750
24753
57522
57524
24756
57525
57526
57527
24761
57531
24771
57544
57551
24794
24795
57569
57570
24805
57573
57574
24810
57579
57581
24816
57586
24820
57588
24821
24822
57593
57594
24830
24833
57602
57605
57606
24841
24843
57611
57612
24844
24845
57615
24850
24855
24856
24858
24859
24860
24863
24864
24865
57635
24870
24872
57641
57642
57644
24876
24879
24883
24887
24888
24889
24890
24891
24893
57664
24897
24899
24904
57672
24906
57679
57681
24917
24918
57690
57694
24927
57697
24932
24934
24940
24941
24945
24946
24950
57719
57720
24961
57731
57734
24973
24975
24976
57745
24985
24993
24994
24995
25004
57773
57777
25011
25016
25017
57789
25021
57798
57813
57814
25047
57815
57827
57828
57830
57831
57832
57833
57834
57835
57836
57837
57838
57839
57840
25072
57842
25076
57844
57853
57854
25087
25091
25094
25095
57864
25097
25099
57867
25100
57869
25104
25106
25111
25112
57883
57884
57885
25118
57886
25119
57887
57889
57890
25122
25123
25124
57893
25129
25130
57900
57902
57903
57905
57907
57908
57911
57914
57916
57921
25155
25157
25163
25165
57938
25171
25172
25173
25185
57955
57958
25196
57965
57967
25202
25204
57977
57983
57985
57987
57988
57989
57990
57991
57993
57996
57999
25234
25235
58005
58018
25281
25282
25283
25287
25289
58061
58062
58063
25295
58064
58065
58066
25298
58067
58068
58069
25302
58070
58071
58072
58073
25306
58074
58075
58076
58077
58078
58079
58080
58081
25313
58082
58083
58084
58085
58086
58087
58088
58089
58090
58091
58092
58093
58094
58095
58096
58099
58101
58102
58103
58104
58105
25338
58106
58107
25340
25342
25344
58112
58113
25345
25347
58115
58118
25354
58123
58125
58126
25359
58129
58130
58131
25367
58139
25373
58145
25378
58147
25380
25382
25385
58155
25389
25394
58165
58168
25400
25402
25403
25404
25405
58175
58176
58177
58178
58189
58193
58194
58195
58202
58204
58205
58208
58209
58213
58217
25458
58227
25459
25460
58228
58229
25461
25462
58231
58232
25465
58233
58234
25466
58235
58236
25471
25472
25473
25478
25481
25491
25493
58270
58272
58277
58288
25523
25526
25533
58304
58361
58363
58366
58371
58372
58373
58375
58382
58383
58386
58393
58403
58404
58407
58424
58433
58434
58435
58436
58437
58438
58439
58440
58443
58445
58446
58459
58465
58469
58471
58472
58474
58475
58479
58480
58490
58495
58496
58498
58499
58500
58508
58509
58510
58512
58518
58519
58520
58529
58531
58536
58538
58539
58546
58547
58550
58552
58558
58559
58561
58563
58565
58567
25805
58573
58575
25807
25809
58577
58579
58580
58581
58582
58583
58584
58585
58586
58588
58606
58619
58621
58622
58624
58651
58653
58654
58661
58670
58678
58679
58683
58684
58685
58686
58719
58721
58730
58736
58737
58739
58767
58771
58773
58774
58775
26009
58777
26010
26014
26016
26017
58786
26018
26025
58794
26028
26029
58805
26038
58806
58808
58812
26044
58813
58815
58818
58819
58820
26055
58825
26058
26059
58829
58836
58838
26073
26074
26075
26076
26077
26079
26080
58853
26090
58863
58864
58865
58872
58874
58875
26112
58880
58881
26113
58884
58885
58889
58892
58898
58899
58900
26135
26136
26138
26140
26141
26143
58912
26145
26149
58922
26155
26156
26160
26161
26162
26163
58937
26170
58938
26171
58941
58942
58943
58944
26177
58946
26183
58952
58956
58970
58972
26206
58975
26210
26213
58981
58982
26215
26216
58985
58987
26220
58989
26223
58992
58994
26226
59021
59027
59029
26273
26280
59061
59069
59073
59074
26306
26311
26320
26321
26322
26323
59093
26326
59095
59096
26329
59098
59099
26332
26334
26338
26341
26344
59113
59114
59115
26351
26354
26356
26362
26382
26391
59163
59169
26407
59176
26408
59177
59178
59184
26419
59187
59188
59189
59190
26422
59194
26427
59195
59196
59197
59198
26430
26431
59199
59200
26434
26436
26437
26440
59209
59210
59213
59214
26446
26453
59221
26454
59222
59224
59231
59232
26464
59233
59235
26467
59236
26468
26469
59241
59242
59244
59246
59247
26480
59248
59249
59250
59257
26491
59260
26495
59263
26497
26498
26499
26508
26511
26514
59282
26517
59286
26519
26520
59289
26527
26528
59298
59301
26534
59307
59312
26548
26549
26552
26558
26572
59341
26576
59346
59355
59357
59359
59377
59379
26614
26616
59385
26619
59388
59396
26632
26636
26641
59413
26656
59426
59428
26661
59430
59431
26664
59433
59434
59435
59439
26671
59440
59442
59443
59444
59445
59447
26679
59448
26680
59449
59450
59475
59479
26714
59485
59487
59500
59508
26743
59513
26753
59522
59523
26755
59524
26756
26757
59525
26758
26781
26786
59555
26787
26788
59566
26801
26806
26812
26842
26844
26845
59627
59628
59629
59630
26865
26868
26871
26898
59669
59672
59673
26919
26925
26926
26927
59697
59704
59707
26940
59708
59709
26941
59710
26942
26949
26950
26951
59720
26959
26960
26961
26962
26965
59737
26970
26974
59743
26975
26976
59744
26977
26978
26980
26981
26982
59751
26983
26984
26985
26986
26987
26988
26989
59758
26990
26992
26993
26994
26995
26996
59765
26998
27001
59769
27002
59770
27004
27005
27006
59775
27007
27008
27009
27011
59780
27013
27014
27015
27016
27017
59788
27022
27023
27024
27025
27026
27028
59796
27029
27030
27031
27050
27062
27067
27077
27081
27084
27085
59853
27096
27102
59871
59873
27105
27106
27107
59875
59879
27117
59891
59892
59893
27131
59903
27136
27166
27167
59936
27172
59948
27185
27186
27187
59958
59964
27198
59971
59972
59974
59975
59976
27210
59982
59986
27223
59994
60004
60005
27237
60006
60009
60012
60014
27255
27259
27265
60041
27281
60054
27287
60055
27289
27291
27294
27307
60079
27316
27317
60090
27325
27326
27331
27332
27336
27337
27341
27345
60115
27347
60131
60139
60142
60146
60176
27408
60180
60186
60187
27419
27420
27421
60189
60190
27422
60191
27423
27424
60193
27426
27428
27430
27432
27435
27438
27444
27445
27448
27450
27455
60224
27458
27459
27461
27462
27464
27468
60236
27475
27476
27477
60261
60289
27528
60304
27539
60310
27573
27575
27576
60344
27577
60346
60347
27580
27585
27587
60356
60359
27598
27599
27603
27607
27610
27625
27630
27634
27642
60413
27646
27650
27651
27660
27669
60438
27673
27677
27680
27694
60466
60467
27700
60475
60476
60479
27713
60485
60486
27719
60493
27725
27726
27727
27728
27729
27737
27747
60515
27751
27771
27775
27781
27785
27786
27794
27797
27800
27806
27812
27816
27818
27821
60594
27827
60596
60597
60598
60599
27836
60605
60608
27844
27845
27846
60617
60618
27856
60624
60625
27862
27868
60641
60642
60643
60645
60647
27884
60655
27890
27894
27896
27897
60667
27899
27904
60672
27906
60675
27910
27915
27920
60689
60691
27925
60700
60701
27939
27940
27943
27948
60717
60719
27954
60724
60726
27961
27976
60745
60748
27997
28000
28002
60771
28003
60777
60778
60779
60781
28013
28014
60783
60784
60789
60790
28023
28027
28028
28038
28048
60817
28051
28058
28061
60833
28084
28105
28120
28124
28149
28152
28153
60930
60931
28163
60933
60934
28168
60937
60940
60946
60951
60954
28193
60964
28198
60970
28203
60973
60980
28214
28221
28226
60996
28228
60997
28230
60998
28231
61000
61001
61009
61010
28249
61019
28252
28253
61022
28256
61029
28263
28268
61039
28275
61045
28279
28281
61050
61051
28283
61052
61055
28287
61065
28301
61070
28303
28306
61074
28307
28311
28318
28322
28323
28324
28325
28326
28329
61103
61106
61108
61109
28344
61112
61113
28346
61114
28347
28348
28349
28351
61120
28360
28362
28370
61142
28377
28379
28381
28382
28387
28389
28390
28392
28393
28394
28395
28396
61164
28399
28401
61172
61188
61189
61190
28437
61208
61210
61213
61225
61227
61234
61236
61237
28472
61242
61243
28479
28481
61252
61253
28489
28490
61265
28506
28508
28510
61279
61280
28512
61281
61282
28514
28516
61285
28517
28519
61288
28521
61293
28527
61298
28531
28534
28536
28538
28541
28542
28543
28545
28547
61318
28550
61321
28554
61322
61323
28556
61324
28557
61326
28559
61327
28563
61331
28565
28567
61337
28570
61338
28572
61341
28573
61343
28576
28577
28578
61346
28579
28580
61348
61353
61354
28586
61355
28591
28595
28596
28597
28598
28604
61374
61375
28610
28622
28625
28626
28630
28632
28641
28648
61417
28658
28663
61433
28669
28672
28675
28676
61445
61451
28692
28697
61465
61467
61468
28705
61473
28707
28708
28714
28715
28721
61489
61490
61491
28723
61493
28726
28732
61509
28744
61534
61540
28777
28778
28779
28788
28792
28795
28796
28797
28800
61573
28806
28809
61579
61581
28817
61588
61589
61590
61593
61597
61600
61605
61606
28839
61607
28841
61609
61610
61613
61614
61617
61619
28853
28855
61623
61628
61631
28867
61636
28875
28876
28878
61658
28893
61663
28904
61676
28908
61689
28923
28928
61698
61699
28937
61713
61716
61717
28952
28953
28955
28959
28960
28963
28964
28965
28966
28968
28969
28974
61742
28977
28978
28979
28980
28981
28985
28986
28989
28992
29005
29007
29014
29016
29021
29023
29024
29026
29027
29031
29033
29042
29043
29048
29049
29051
61822
61823
29056
29057
29058
29063
29065
29066
29067
29070
29073
29078
29079
29080
29081
29082
29083
61855
29095
29096
29108
29116
29118
29119
61890
29123
29127
29131
29133
29137
29138
29143
29146
29148
61920
29152
29153
29162
29165
29172
29174
29187
61956
61958
29193
61961
29197
29201
61973
29209
61982
61983
29221
29225
62003
29241
29242
29250
62022
29258
62033
29265
29266
29268
62036
29270
29273
29274
29276
29277
29278
29280
29281
29282
29284
29285
62053
29286
29287
29288
29289
29291
29303
29306
62076
62077
62078
62079
62081
62083
29316
62084
29317
62085
62087
62088
62089
29321
29322
62090
62092
29324
62093
62094
62095
62099
62100
62101
62102
62103
29336
62104
62105
29341
62111
62112
29347
62115
29350
62118
29355
29356
62124
29357
62125
62127
62128
62129
62130
62133
29366
29367
29369
29370
62139
29371
29373
62143
29375
62144
29376
29378
62152
29386
62155
62156
29391
62160
62164
29397
62167
62168
62169
62170
62171
62174
62175
62176
29419
62194
29428
29430
62203
29436
62204
29439
62209
62212
62213
29445
62216
29448
62217
62218
29451
62220
29454
62223
62227
29460
62229
62230
62232
62233
29466
29467
29468
62236
29469
62239
29472
29473
29476
62249
62251
29484
29489
62260
62263
62264
29497
62267
29503
62271
62272
62274
62275
62276
62286
29518
29520
29523
29524
29526
29527
29528
29530
29536
29540
29541
29547
29551
29559
29562
29570
29581
29582
29602
29616
29618
29623
29628
29629
29650
29651
29653
29655
29656
29667
29670
29673
29684
29686
29695
62473
29708
62486
29738
29739
62508
29740
29741
62509
29742
29744
29750
29752
29763
29764
29766
29769
29775
29781
62550
29782
29783
62551
62553
62555
62556
62558
62559
29792
29796
29798
29801
62572
29805
62585
62587
29825
62595
62597
62598
29832
62604
29838
29843
62613
62614
62617
62618
29854
29859
62633
62635
62646
62650
62651
62654
62658
62659
29891
62661
29894
29907
62678
29911
62679
62680
62684
62685
62689
29922
29923
29924
29937
29939
29941
62716
29948
29949
29950
29951
29953
62722
62724
62725
29958
62727
29959
62738
62750
29983
62755
62756
29997
62765
29998
62768
62769
30013
30043
30044
30045
30046
30048
30049
30055
62824
30063
30066
30067
62844
62845
62847
62849
62851
30089
62858
30090
30097
30100
62879
30119
30126
30137
62908
30141
62910
30143
62912
62913
62914
62915
62916
62918
62922
30171
30172
62941
62942
62960
62961
62962
62963
62984
62994
30227
30228
30232
30233
30245
30246
63017
30250
30251
30252
30268
30270
30275
30287
63089
63092
30326
63095
30334
63103
30335
30341
63109
63110
30344
30365
30377
30378
30394
30397
30398
30399
63192
30452
30466
30478
30481
30496
30497
63272
30505
30508
30511
30518
63303
63310
63311
30545
63316
30549
30553
63322
30557
30570
30571
30572
30587
30606
30607
30608
30609
30610
30613
30614
30620
30621
30622
30623
30624
30625
63394
30626
30628
30630
30632
63401
30634
63406
30664
30667
63436
30675
30677
63445
30678
63450
63461
30699
30703
30704
30705
30706
30710
63487
63492
63495
30730
63500
30734
30738
30741
30743
63517
30759
63528
30763
30773
30786
30790
30791
30798
30801
30811
30813
30814
30829
30834
30837
63608
30840
30848
63625
63626
63629
63636
63638
63640
63641
30877
30880
30882
63650
63651
63652
30885
63654
63659
63660
63662
63663
63664
63665
63669
63670
63671
63672
63674
63675
63676
63677
63678
63679
63680
63682
63683
63687
30924
63693
30926
63694
30932
30942
30943
63712
30954
63730
30971
30976
63750
63751
63752
63760
63764
30999
63769
63770
63771
31008
31010
63780
31015
31017
31019
31028
63796
63797
63799
63803
31037
31040
31043
31049
31063
31068
63839
63840
63842
63843
63844
63846
63848
63849
63850
63851
63852
31085
63853
63854
63855
63858
31091
63860
31093
31097
63865
63867
31100
63876
63878
63879
31122
63898
31140
63911
63936
63941
63946
31182
63951
31183
63956
31188
31189
31190
63961
63966
31202
63971
31206
63976
63981
63986
63991
63996
31229
64001
31235
31237
64006
31238
31239
31241
64011
64016
64025
64026
64027
64028
31278
31284
64056
31290
31303
64076
64077
31309
64078
31311
64079
31312
64080
64082
64083
31316
64085
64086
31319
64087
31320
64088
31321
64089
64090
64091
31323
64092
64093
64095
31327
64096
64097
31329
64098
31331
64099
31332
64100
64101
31339
64111
31343
64113
64116
64117
31349
31358
31362
31368
31369
31375
31376
31377
31378
31380
31381
31382
31383
31393
31398
64169
64172
64174
64176
64182
31415
64189
31427
64195
31429
64213
31445
31451
64222
31476
31478
64248
31480
31481
31482
64251
31483
31484
64280
64286
31519
64291
31525
31526
64303
31541
64311
64312
64322
31557
31560
31561
31562
31565
31580
64352
31587
31588
31589
64363
64365
31599
31600
64378
31624
31625
64394
64397
64399
31635
31637
64408
64414
64415
31655
64424
64425
64431
64433
64439
64440
31674
64442
64443
31680
64450
64452
31685
64453
64455
64456
64458
64461
64463
64464
64465
64466
31699
64467
64468
31703
31704
64472
31705
64478
31711
64479
64480
64482
64485
64486
64488
64489
64490
64491
64497
64517
64519
31770
31774
31783
31788
31795
31796
31797
31798
31799
31800
31803
31804
31805
31806
64576
31808
64577
31811
31817
31820
64591
31826
31834
64605
64606
64609
64610
31844
64614
64635
64640
31873
64643
31885
64654
64660
31902
31905
31916
31919
31931
64702
64704
31940
64710
31942
64714
31948
31951
31956
31957
64730
31962
31965
64740
64741
64742
31975
64743
64744
31979
31980
64752
64754
31995
64767
32001
32005
32009
32010
64783
64790
64796
32029
64799
64800
32032
64801
32034
64807
32040
32041
32042
32043
64815
32049
32052
32060
32069
32070
32071
64841
32078
64851
32086
64854
64857
64858
32095
32097
64873
32105
64874
64876
64878
64887
32124
64896
64897
64899
64900
64901
32135
64916
32149
32151
64921
64922
64923
64924
64925
64926
64927
32159
64928
64930
64931
64932
32164
64933
64935
64936
32169
64938
64939
64942
64943
64944
64945
64946
64947
64948
64949
64950
64951
64952
64953
64954
64955
64956
64957
64958
64959
64960
64961
64962
32195
64963
64964
64965
64966
64967
64969
64970
32202
64971
64972
64973
64974
64976
32208
32209
64978
64979
64980
32212
64981
64982
64984
64986
32219
64987
64988
64989
64990
64991
64996
64997
64998
65000
65001
65002
65004
65006
32242
65012
65013
65014
65016
65017
65018
65019
32252
65021
32253
65024
32257
65026
65027
65031
65032
65033
32270
32274
65043
65044
65047
65048
65050
32283
65052
32288
65057
65058
65062
65069
65070
65071
65074
65075
32307
32309
32311
32320
65090
65091
65093
65095
32328
32329
65097
32333
65103
65114
32349
32351
65120
65121
32356
65124
65126
32359
32360
32361
32363
65131
32365
65133
32366
32367
65139
65140
32374
65147
65149
65151
65152
32386
65154
32387
32388
32389
65161
32393
65170
65177
32415
65201
32433
65203
32435
65204
65207
65212
65215
65218
32451
65219
65220
32452
65221
65222
65223
32456
65225
32465
32466
65236
32468
32471
32479
32480
65253
65255
32488
32491
32501
32513
65284
32519
32529
32531
32532
32534
32535
32538
65310
32549
65322
65323
32555
65324
32558
65328
32560
32563
65331
32564
65333
65335
32569
65338
65341
32573
32578
32584
32588
32598
65373
65379
32612
32613
32615
32616
65397
65398
32632
65408
65418
65420
65423
65425
32659
65429
65430
65435
32676
32682
65453
65457
32693
32698
65470
32703
32709
65477
32711
32717
65486
65490
32722
32723
65493
32727
65496
32729
65499
32733
65502
32734
32737
65505
32738
65506
32742
65510
32743
65517
65520
65526
32761
