0
3
32772
32773
8
32777
32778
32779
32780
13
8206
20
32788
32791
27
8219
32797
32
33
36
8229
38
32806
8231
41
8234
24618
8235
24619
44
8236
24621
47
24626
24627
16436
8245
8247
62
8254
16446
63
32832
8258
68
71
76
78
81
86
8284
8286
96
8301
110
8304
8305
8308
8309
117
120
8318
8321
8324
8326
8329
16529
8343
8344
8345
8351
24737
8355
8356
24741
8362
8369
8372
8377
203
211
212
8405
214
8407
8410
218
8412
223
224
8417
225
8419
227
8422
230
8424
234
8427
8429
239
8435
244
246
247
8440
251
8444
8445
8446
8449
8454
8457
270
16655
274
8466
8467
24851
276
24855
280
8473
8483
291
292
24869
293
294
8486
8489
8490
8491
306
309
311
16698
8507
16699
16702
321
8520
16713
8521
8524
16716
8525
8528
336
8529
338
8532
16728
346
16731
16735
351
8545
8553
362
8557
366
367
8559
8560
16753
16755
371
8566
8569
8572
8575
8578
387
8580
24964
389
8582
8584
8586
395
396
16781
16782
8590
24978
24979
407
16793
415
416
8613
8614
8615
8616
8618
430
25012
436
25013
437
445
446
447
448
16833
16834
450
8643
16835
8645
453
455
8648
456
457
8649
8651
8652
8654
8655
8656
465
8657
466
8658
8659
8660
470
472
8667
8669
8670
8673
482
8675
8676
8678
487
8682
8684
8687
8688
499
8705
8707
8709
8710
8711
8713
8715
8717
8718
527
16927
16928
545
8740
16932
549
550
16936
8750
562
8759
8760
8761
8764
574
579
582
584
8778
8780
8781
589
590
593
595
8788
601
8794
8798
8799
8803
614
25194
618
8814
8815
8820
8821
8827
8830
8832
17025
641
8833
17026
8834
17027
17028
644
8836
17030
17033
17034
17036
17037
17039
17040
8849
17042
8850
17043
8851
662
663
665
666
672
8866
675
676
677
678
8871
8872
8873
683
8879
688
692
698
700
706
17091
713
717
8918
8919
8920
8921
736
739
740
8934
8946
25333
8949
758
25335
759
760
761
25337
25338
8963
25348
25349
25351
776
25352
25353
25361
25362
25364
17172
25366
25367
8983
25368
8984
8985
25372
798
801
8995
8996
8998
25382
8999
25383
9000
9001
9002
25388
825
17209
9018
25403
25404
25406
9025
25410
842
843
25420
847
851
853
25429
25430
855
856
17243
9052
17245
9054
17246
25438
25439
17247
17248
17249
17251
17252
868
17254
17255
17257
17258
875
17260
17261
17263
879
17264
9073
25472
897
909
9110
25496
25497
25500
17308
17310
25502
25506
17317
25510
25513
9130
9132
9143
9145
9156
17350
9158
25543
9159
969
9162
9163
17356
17359
25551
17360
9169
25553
25555
25557
17366
982
25558
984
985
986
987
988
989
9182
17378
17379
9188
17380
17382
17383
17385
17386
25579
1005
1006
25586
9202
1012
25589
25592
1016
1017
25594
25595
25596
9212
25597
1021
1022
9215
1023
25600
1024
9216
1027
1029
1032
1033
25609
1035
25612
9230
9231
1039
1042
1043
1047
25627
1054
9249
17444
17445
1062
17446
1063
17447
1064
9257
1066
1067
25644
25645
1071
25649
1074
9268
1076
9269
1078
1083
1085
25662
17471
1088
1089
17473
17474
17475
17476
17479
17480
1098
17482
17483
1099
1101
25681
1105
25690
9312
1121
25699
25700
1131
1132
25709
1135
25711
1136
1138
25721
1146
17532
1149
9342
1154
1156
1157
1159
1161
25742
25743
25744
25748
17556
25752
25753
25755
9372
25760
25762
25763
25764
1188
25765
17574
25767
25776
25784
1211
1214
1216
25796
25799
25800
1224
25801
25803
25804
17614
1230
1233
25810
25812
25813
17621
25814
1242
25819
1245
1246
1250
1252
1253
1255
1256
1257
1258
9456
25841
25844
9461
25846
25847
1271
1272
1274
25851
9467
1280
25856
25858
1282
1283
9482
25866
9483
9485
1293
25870
9486
9488
9489
9491
9492
17687
1307
25883
17691
25884
17692
25885
17693
17694
25886
1310
1311
1312
25889
25890
17700
25892
9509
25894
17702
9510
9512
17705
1321
1322
17706
9514
9515
1327
17711
1332
1334
1336
1337
25914
9530
9535
9538
25923
1348
25928
1355
9548
9549
9551
17749
9561
17753
17756
25950
1374
1376
25956
1380
9573
1383
25964
9581
9583
25969
1394
1395
1397
9591
1402
9596
17791
9600
25985
9602
9604
25988
25989
17806
17807
17808
17809
17811
9620
1433
9629
17823
17825
9634
17826
9638
1447
17842
1458
17844
17848
17852
26044
1469
17853
9661
17858
17859
17860
17861
17862
17863
17865
1481
17866
17870
9681
1493
17879
9687
1499
17887
9701
1509
1510
17895
26087
1512
1515
17899
17904
17908
17910
1527
9720
17913
17914
17917
9726
17919
26115
17924
1541
26118
26119
9736
17928
26120
26122
26123
26124
17933
26125
1550
26126
17936
26129
26130
1555
26131
26132
26134
26137
26138
26139
17947
26140
17949
26141
26142
26144
26145
26146
17954
9763
26148
1573
9766
26155
17963
17964
26156
26157
26158
26160
26161
9777
26162
26163
9779
26164
26165
1590
26166
9782
26167
26168
26170
26171
17979
1595
26172
26173
9789
1598
26174
26175
26176
17985
26177
1601
26178
26179
1604
26180
9796
26181
26183
26186
26187
1612
26189
26190
9807
26192
9809
26194
26195
26196
9813
9814
18008
1624
9816
1627
9821
9822
18015
1633
9826
18019
9827
1636
9831
1639
9832
26217
1642
9835
9836
26220
26223
18031
18032
26224
26226
26227
1651
18038
1654
18039
18040
1657
18041
26234
9851
26235
26237
26239
18051
26244
9861
18053
18054
1671
26248
26249
9866
26251
1675
9867
9868
26252
26255
1679
18063
18064
18065
26258
18066
26261
18070
26263
1687
18074
9883
26267
9884
18077
26269
26270
9888
26272
1696
18081
9889
18083
26275
18084
1700
18085
26278
18086
18087
18088
26280
18089
18090
26286
18094
26287
1712
26288
26289
1714
1715
1717
1719
26295
18107
1724
18108
18109
26301
26302
1732
1733
1735
9927
9928
18121
1737
1738
18122
9931
18124
9932
1741
9933
9934
9935
1745
1746
18130
9939
1747
26325
26326
18134
18139
18142
9951
18144
1760
1762
26340
1764
9958
26342
1766
9960
18153
9962
18155
9963
1771
1772
1773
26349
1774
18158
1775
26353
18161
1777
18162
9970
1778
26359
26360
9976
18168
18171
26363
1788
26366
1791
18176
26371
18180
18184
1801
9993
18186
26379
18188
1804
18189
26383
10000
18193
26387
18195
18197
1814
10006
26391
18200
18201
18204
18206
18207
26400
18209
26402
1826
18211
18213
1831
18215
26407
18217
18219
10028
18221
26413
18224
10033
1842
18226
26419
1844
26424
1849
1851
18237
26430
1857
1860
26438
26440
26441
18249
10059
26443
1867
26444
10061
10062
1871
26448
1875
26451
26456
1880
18265
26461
18273
10082
10083
1894
10088
26474
26475
26476
1900
26477
18285
26479
26481
1907
18293
10101
26486
1910
26487
1912
26489
10105
10106
26492
10109
26496
10113
10114
18307
26499
18308
26500
18309
26506
10122
18315
26507
10124
26508
26509
26511
26514
26516
26518
10136
1946
26523
1948
10143
1953
26529
26531
1956
26532
1957
10150
1958
1959
26536
10155
1964
10158
26544
10161
26545
26546
18354
26547
26548
26549
26550
26551
1975
26552
1980
26559
1986
10179
26564
10181
26565
10182
10183
26567
26568
18376
26570
26571
10189
26574
1998
2002
26580
18390
2008
26584
18392
18393
18394
18398
26591
26593
26594
26597
18405
18407
26603
18415
26607
18417
18420
26616
26617
2043
2045
10237
10239
2047
26623
10240
10241
2050
26626
18435
10245
10246
18441
10251
18444
10254
18449
26644
18453
26645
18454
26650
2074
26652
18466
10276
18472
10280
26669
26670
18478
18479
18483
18485
18488
18493
26685
26687
26690
10308
10310
18503
10311
18504
26697
26698
26699
26700
26701
26702
18515
26710
26712
26714
26715
26716
26719
26720
26721
2145
26723
26726
26728
26731
26732
2157
10349
26733
26734
26735
2159
26736
2160
2163
2164
2165
2166
2167
26745
2169
2170
10369
10371
26757
10373
18565
10374
18567
26760
26761
26762
26763
26764
26765
18574
26766
10383
18575
10384
26768
18576
26769
18578
26770
26772
26773
26774
26776
26777
26778
2203
26779
26780
26781
18590
26782
2207
26783
26784
18592
18593
26789
18598
26790
2214
2215
26791
18601
26796
26798
26799
26800
18609
26802
2231
18615
18618
18621
18624
18627
2244
2245
18630
26823
2249
18633
26826
18635
2251
26828
18637
26829
10447
18639
26832
10448
26833
26834
26835
26836
26837
26838
26839
26840
26841
26842
26843
26844
26845
26849
26855
26856
26857
26859
26864
26866
26867
2294
26870
2295
18679
26872
26873
18681
18682
2299
26875
18683
18684
26876
26878
2302
26879
26881
18691
18692
2308
2309
18694
10503
2312
2314
26890
26891
2316
10509
2317
26897
2323
18709
2326
26904
2329
18714
2330
18720
2337
10531
18724
18725
18728
18729
18730
26922
18731
26923
10539
18733
26925
18735
10543
2351
10548
2358
10552
10554
10556
26942
10561
10563
10564
10565
10566
18762
18763
26955
18764
18766
26958
18767
18768
18769
18770
26962
18771
18772
26967
26968
10584
2393
18777
10586
18778
26972
10588
18781
2397
26974
18783
2400
18784
2401
18786
18787
26980
10596
2405
10597
26983
18791
18792
2408
26984
18794
26987
18797
26991
18799
2416
18801
18802
18804
18805
26998
2422
18807
2424
2425
27002
2426
10620
10622
18815
10628
27015
27016
10632
10633
2442
10635
2445
2446
18835
10644
18837
18840
27032
10649
10650
2459
2460
2465
2466
2467
2468
27044
27045
27046
10662
10663
27048
10665
27050
18858
27051
18861
2477
27055
2479
27059
27060
10679
2491
18876
10684
2493
27069
27072
10688
27074
27075
18887
10698
27082
27084
27085
27086
2511
2513
27089
27091
18901
27095
10715
27099
2523
2527
2528
10720
2529
2530
2531
2535
10727
2544
2549
27129
27130
18938
18940
27134
27135
27136
27137
2562
27138
18947
10758
27143
10762
27146
18955
10763
27147
10764
27149
27150
10766
10767
18959
27152
10768
10769
10770
18963
10771
2580
10773
18966
10775
27159
10776
18969
2585
10777
10778
10780
10781
10783
10785
10786
10788
18980
10789
27173
2598
2600
10792
2601
10793
10794
2602
2603
2604
10796
10797
2605
10798
27182
10799
10800
27184
27185
10801
27186
10802
10803
10804
10805
10806
10807
10809
10810
10811
2620
10812
2621
10813
10814
10815
10817
2625
10818
2626
2627
2628
2629
10822
19014
10823
19015
19016
2632
10824
10825
2633
2635
19019
2636
10828
19021
19025
10834
19028
2645
10840
10844
2654
10850
19046
19047
19048
19049
19050
10858
19053
2670
19054
2675
10867
27253
19064
27256
10873
19066
19068
10876
19069
19070
10880
2690
10882
19075
10887
2695
19080
10889
2700
19085
19086
10897
10898
19094
19095
10904
19100
10909
10911
19105
27297
10915
27300
2724
2725
19109
19111
27304
19112
27305
2730
19114
27307
10923
19117
27309
2733
2734
2735
2736
27313
2737
19121
10930
27314
2739
19123
19124
2740
2741
19126
2742
10934
2743
10936
19131
27323
10940
19132
19135
19136
19137
10947
19140
10949
19142
19145
19148
19149
10957
10959
27346
10963
10964
19159
10967
10968
19161
10970
27355
19164
10975
10979
27368
10985
10986
27371
19180
27373
27374
19182
2798
10990
10992
10996
10999
27384
11001
11006
27390
2818
11014
19211
11020
11021
11024
19217
11029
19222
11031
11035
11036
19233
11043
19237
11046
27432
27433
19242
11050
27434
19243
27435
19244
27436
11052
27437
19246
19253
19254
19255
27447
19256
19257
11065
19258
19259
11068
11073
19266
19271
11079
11080
27464
19273
11083
11084
27470
11086
19280
11089
19281
11091
19285
11094
11095
19287
11097
11098
11099
11100
27489
11105
27490
27491
11108
27493
11109
11111
19305
27497
27498
11116
27501
27502
27503
11119
19311
11120
19313
27505
19315
27507
11123
11124
27508
11125
19318
19319
19321
19322
27514
19323
19324
19326
27520
19329
19330
19331
11139
19332
19337
2953
19338
2955
19340
19343
27539
11156
27542
19351
19353
11161
19354
27547
11167
19359
19360
19363
11181
11182
19374
27569
19384
11192
19386
27583
19392
27584
3012
19396
3013
19398
27595
3024
3025
3026
19411
3027
3028
3029
27606
19416
27609
3036
3040
11235
19428
19429
27625
27626
11244
3054
19439
11247
11250
3060
19445
27638
3062
19449
19450
19454
19455
11264
3073
3076
19461
3079
11272
19465
19466
3083
3087
19472
11280
19473
3090
19476
19477
11285
11287
11289
11290
11292
11294
27679
11296
27682
11299
27687
27688
19497
19498
11309
11322
3139
27715
27716
19524
11333
19528
19535
11344
3156
11353
11354
19556
3174
19558
27750
19559
27751
11367
19560
11368
19561
19562
27755
19564
27756
3181
11373
3183
19567
19568
27760
27761
11378
27762
19570
19571
19572
19573
3189
19574
3190
19575
27768
3192
3193
27770
27771
27773
11390
27774
27776
11392
27777
11395
11396
11401
19595
11404
11406
27791
11409
19604
11412
27798
11415
27801
11418
19610
27802
19612
11420
11423
11424
11427
3236
11429
27814
3240
19624
3242
27820
3248
11441
11443
19635
11446
11447
19639
11448
19642
11459
19655
19656
19660
3277
11470
3279
11476
19668
3284
19669
19670
3286
11480
11483
19678
19679
19681
11492
19686
27879
11498
19690
11500
27885
11506
27892
27894
19703
11514
19706
3325
19709
11517
19717
11527
27912
11530
27920
19729
19733
27927
3351
11547
11548
19741
11551
27936
11556
11557
19750
19752
27944
11562
11563
11564
11565
27950
11567
11568
19761
11572
11578
19771
11579
19772
19775
11585
19778
11586
11588
19781
11589
11591
11592
19784
11594
11595
19793
19794
19798
11608
27992
27993
27994
11611
27995
27998
27999
28000
19809
28001
28004
28005
28006
19818
11626
28013
28014
11631
28015
19825
11634
28023
28024
11640
28026
28027
11644
28028
28029
28030
19843
19844
11653
19845
19846
28040
19849
28041
11657
11658
28043
19851
19852
11660
11661
19853
28047
19856
11664
28049
19858
11667
19859
19860
3477
19861
19862
11671
19863
28056
19864
19865
19866
11674
19867
11677
19869
19870
3486
28062
19871
19872
28064
11681
19873
28066
3491
19876
28068
19877
19878
11687
19879
28072
19882
19883
19884
19887
19888
19889
3505
19890
3507
19891
19893
19894
19895
3511
11707
19899
19902
11710
19903
28095
11712
19905
11713
11716
3531
28109
11727
3536
19920
28113
19923
3540
19926
19927
28119
28121
19930
28123
28127
28128
11745
11746
28131
11747
28132
19940
3557
11751
11752
11755
11757
28141
11758
11760
19952
3569
19953
19956
11766
11771
3580
11774
11775
11776
11777
19971
11780
11781
11782
19974
19976
11785
19977
3598
19982
28175
11793
19990
19996
11805
11806
11808
28193
20002
3619
11812
11813
20005
11814
20006
3623
11815
20008
28200
3629
11825
20018
3634
28210
20019
28213
3637
20022
28214
20024
20027
3645
20029
11838
28223
20031
3647
20032
11840
11841
20034
11843
3652
3653
11845
20041
20046
20050
20053
20059
20061
28254
20062
20064
20067
11876
20068
20070
20072
20074
20075
20079
20082
20085
11895
28281
28283
28284
28285
28286
28287
20095
3711
3712
28288
28289
28291
28294
3718
28295
3720
28296
28297
11914
28300
3724
3725
28302
28303
28305
28306
28311
28312
28313
28314
28316
28318
28320
28322
20130
20133
28326
20134
28328
28329
28331
20140
20141
11949
11951
11952
3761
28338
28339
28343
28345
3772
11965
11966
11969
3777
3780
3785
28363
3788
28364
20172
11985
28369
11986
11987
20179
20181
20182
20183
11991
28377
20185
28378
28379
20187
28380
20189
28383
20191
20193
12001
20197
12008
20201
12010
20205
12015
28399
20208
28402
3827
3828
3829
12022
3830
3831
3833
28409
28411
12030
3838
28414
3839
28417
28418
20226
3842
12035
12036
28420
28421
28422
28423
20231
28425
28426
12042
12043
20236
12045
28430
28431
20239
28432
12048
12049
28434
12051
28435
28440
20251
28444
3870
28446
28448
28449
28451
28453
28454
28455
28456
28457
3881
28458
3883
28459
28460
28461
3886
12078
28462
28464
28465
28467
3893
28470
20279
20283
12091
28476
12093
12094
28479
12095
12096
28481
28484
3908
12101
28485
12102
28487
28490
3915
12107
20300
12110
28494
28495
28496
20306
28499
28500
12119
28504
28505
28506
28507
20316
3932
28511
12127
20320
28512
28513
28518
3942
12138
28522
20331
3949
3950
28526
28527
3952
28533
20341
3960
3963
3965
3966
20351
20353
12161
28547
3971
3973
3974
3976
28552
20361
3977
3979
28556
3983
28561
28562
12179
28567
28570
28572
28574
12194
12195
12196
12197
28582
4007
12199
4008
12200
4011
12205
12207
28591
12208
12210
12213
12214
28599
28600
28601
20410
20413
20415
12229
28615
20429
4046
20430
20431
20432
20435
4051
12244
28630
12246
12248
28632
28633
12249
4057
12250
4058
20443
28635
28636
12253
28637
12254
4062
20450
28643
28644
20452
20453
28646
28647
4071
20455
20456
12265
28649
28650
20459
20460
4076
20462
20463
20465
20466
20468
12279
20472
28664
12281
12283
20475
20476
20479
28671
28675
28677
20486
20487
20489
20490
20492
28685
12303
20496
20499
20503
20512
20523
4141
12333
4143
12339
28723
12340
28724
20534
4151
28730
12346
28731
28732
4158
4159
12354
4163
20552
4168
4173
12371
12374
4182
4183
20571
12379
28764
20572
12381
28772
4197
28776
28778
28782
28783
28784
28787
28788
4213
20598
12414
12415
28799
20610
12418
28804
28805
28806
20617
12429
12430
28818
20627
28820
28821
28822
28823
12440
20632
28830
28831
28832
28833
28836
28837
20647
28840
20650
20658
20660
28854
20662
20664
20665
4282
20668
20670
20672
4288
4290
20676
4293
20679
28873
4298
20696
28894
28897
20708
28901
20710
4340
4344
12543
28955
28957
28960
20769
28963
20778
20780
20783
20786
4412
4413
4414
4415
4418
4421
4423
4424
4425
4427
29004
4431
29019
29022
29030
12647
29031
4466
4471
12664
20860
12668
12683
12684
12686
12688
12689
12691
12692
12693
4501
12697
12701
12704
12706
12707
4517
12710
12712
29098
29099
20909
20911
20912
20916
29122
29124
29125
29126
29128
29131
20945
12757
29147
12764
29148
29149
29150
29151
29152
12768
29153
29155
20964
12773
29157
4582
12774
12775
12777
29165
29168
29171
29174
20990
20991
29183
20992
20996
20998
20999
21000
21001
12813
21010
21011
29203
21013
29206
21017
21018
21019
21020
21021
29214
21022
29215
21023
21025
21034
21035
29227
21037
21039
21041
21042
12851
4661
21045
12853
21046
21047
21048
21050
12859
12860
4668
12863
12864
12865
12867
12868
21063
12873
21066
12877
21071
12879
21072
21074
12883
21075
12885
21077
21081
21083
12891
4702
12894
21086
21087
12895
12897
21092
4709
21093
21095
21097
21098
12906
29291
21100
12909
12910
12912
12913
21108
12916
21112
21116
21118
21121
21122
21124
21128
21130
29324
21134
12951
21144
12952
21145
21146
21147
21149
21157
21158
21160
12973
12974
12981
12984
21178
4794
21179
21180
4796
29373
4797
21190
4808
29384
21193
4810
21198
4815
29392
4824
13016
29404
29405
29406
29412
13032
4854
4855
21239
29432
21246
29440
4865
21256
29448
21259
21260
21264
21265
21266
29458
21273
29467
29468
4897
13090
13100
21292
21301
21304
21305
13116
13117
29502
29509
29510
13127
13129
13130
29515
13132
21324
13133
21325
29517
29518
13135
21328
13136
21329
29526
29529
29534
29536
13153
29538
13155
29545
29547
29548
13171
13172
21364
29559
29560
13179
21371
21373
21374
21375
21380
13189
13190
13191
21383
29580
21389
21391
29584
21402
21403
29599
21408
21409
21411
21417
21418
21420
5036
29613
29614
21429
21430
21438
21439
13247
21441
13250
13251
13252
21444
13259
21452
13260
21453
13262
21455
29648
13264
21456
13266
13267
13268
13270
13273
29657
13277
21470
13279
21471
21472
21473
13281
13282
21474
13283
13284
21477
13286
21478
13287
21480
13289
13291
21484
21491
21492
21493
21495
5112
21496
21507
13315
13317
21515
21522
29722
29723
29724
21536
29732
21540
29733
21541
29739
29740
29741
13359
13360
21555
5172
21556
29748
21559
21560
21562
21564
29761
21570
29765
29766
29768
29769
5194
13393
29778
13400
29784
21605
29797
21610
29803
21611
29807
29813
29819
21630
29825
13442
13443
5251
13444
13450
29836
5265
5266
5268
29844
5269
29845
5272
29849
5275
5278
5281
29857
29858
29860
29861
5285
5286
29863
5290
5295
5299
5302
5306
13500
13502
13506
5316
21702
13512
5323
21709
5329
13521
5336
5339
5346
5347
29925
5350
29926
5354
5355
5356
5357
5358
5361
5363
5364
5365
5367
13567
29956
29963
5388
29965
5390
21775
21776
5394
5397
29975
5400
29976
13595
21789
5405
13597
21790
21794
13603
5413
29991
21799
29994
21803
21804
21805
21806
21808
21809
21810
21811
30003
21812
21813
21815
21818
21820
5438
21822
5440
30017
21825
5443
21830
30024
21833
21835
21837
5454
5455
21840
21842
13650
21846
30038
21847
13657
21849
21851
21853
21856
30050
21872
5490
5500
21885
5505
30084
30085
13702
21895
30088
5513
5514
21898
30094
30095
21905
30098
30104
30105
5531
5532
5534
30118
5542
5543
30119
5544
5545
5546
5547
5548
5549
5550
5551
5552
5553
5554
5555
5561
5563
5565
13757
5566
5569
21955
5572
5576
21960
21961
5578
5582
5584
5585
30162
30164
5588
5590
30166
13790
21985
5601
13796
5605
21989
13797
13798
30186
5611
30188
5614
5615
5616
5617
5618
5619
5620
5624
5629
5630
5634
5637
30216
5641
22029
5648
5649
5650
5655
13847
22039
5657
5658
5661
5663
5665
13857
13858
5667
5669
22053
13862
22054
5671
22056
13864
13865
13867
13868
22060
30252
5677
5678
30255
5679
30256
22064
5681
22065
30258
30259
13876
13877
30261
22070
5686
22071
22072
13880
22073
22076
22080
22081
22082
5699
22084
22085
22086
5702
22087
22088
22089
5708
22093
22095
22101
22102
22103
22107
22108
22109
5726
22110
22112
22113
22116
22117
22118
22119
22120
22123
22127
22128
22129
13938
22130
13941
22135
5753
13946
22138
22139
5757
22141
13950
22142
13951
22144
13952
22145
13955
22149
5766
13958
5767
13960
5768
13961
22153
5770
13962
5771
13963
13964
22157
13965
22159
22162
5779
22164
5780
5781
22165
22167
22171
30364
22173
22179
30371
13989
13990
22184
22186
13995
22187
22189
13997
22190
13998
14000
14001
14003
14005
5814
30390
30391
22199
14007
5816
14008
14009
22201
14010
5818
14011
22204
14013
14015
30399
22207
30400
22209
22210
14020
5831
14026
5836
22221
5838
14031
5839
22225
5841
5842
22228
5846
5847
5848
5849
5850
22234
22235
5851
22238
22240
22241
5857
5858
22243
22244
5860
5861
22246
22247
5864
5865
22249
22250
5866
5867
22252
22253
5869
5870
22255
14066
14067
5875
14068
5878
14071
5879
14072
5880
14077
14078
14081
22274
14082
22275
5891
5892
14085
5893
22278
5894
14086
14087
5896
22280
22281
14089
5898
5899
14091
14092
22284
14093
5902
14094
5903
22288
22291
5909
14102
14104
22296
22297
22299
5915
22300
30492
5916
14109
5917
22302
5918
22303
14112
5921
5923
14117
22309
14123
14130
14132
14136
22329
14137
22333
14142
22336
22337
14148
14149
22342
22344
22345
14153
22347
14158
14159
22352
5970
30551
22360
5979
5981
5983
22368
30567
5994
22381
5997
5998
5999
22389
22391
30586
30588
30590
30592
14208
22402
30594
6019
14213
22410
30602
30603
30605
30607
30617
30618
22428
14242
22437
30629
6060
6061
22445
22448
6064
14257
22449
6067
30646
22454
30648
14264
22456
22457
22460
30652
22461
30654
22462
30655
30657
6081
30658
6085
6086
6087
30665
30667
14294
6105
30683
30685
6113
30689
30691
6115
30694
14310
30695
22504
22509
30701
30702
30703
30704
30706
6131
22516
14326
14327
6136
22521
6137
6138
30716
30717
22526
22527
30720
30722
6146
22531
30723
6147
22533
6150
6151
22535
30733
30735
30736
14354
6164
6171
6172
30750
30752
30753
30755
30764
14384
14386
30772
14391
6202
14396
22588
14397
30782
30784
30787
30790
30791
30797
30798
30800
30805
30807
22620
30812
22621
22623
30820
30821
30822
30824
22632
14441
30826
30828
22636
22639
30833
22641
22643
22645
22647
30840
22649
30842
30843
22651
30845
22653
22656
22658
22659
30853
30854
30855
30856
6286
22671
14483
22675
14484
14485
22680
30872
14490
30876
14494
22686
14496
14497
14498
14499
14500
14504
30888
22701
14512
14514
14516
14518
22711
30904
14520
22713
14523
14525
22718
14529
22722
22723
14534
6343
6344
14536
22730
14539
6347
6350
6351
6354
14551
6359
30938
6365
6366
6371
30947
30948
22756
14565
6374
22758
14568
14574
14576
14581
30970
30971
14590
14592
14607
30992
14614
14615
6429
31009
31010
14627
14628
31012
6438
6447
6448
14641
31025
14653
31041
14668
14670
31057
22872
31064
14682
14683
31070
31071
31077
31078
14695
14696
31089
31090
22900
31093
22905
22906
6530
22923
6544
6545
22931
14741
22937
6555
31132
6558
22943
22947
31141
14761
22955
22956
22957
22959
31160
22968
6585
6588
14785
31177
22985
22986
6603
22988
6604
31181
22990
22991
22993
6612
6616
14815
14826
6640
6643
31220
31222
6646
31225
31226
6650
31227
14844
31228
14845
31230
14847
6655
31233
6657
14849
6658
31239
31240
6667
31246
31248
14865
31249
31251
31252
14869
14870
31257
31258
31261
31263
31264
31266
14883
31268
14885
31273
23082
31278
31279
31281
6709
6715
23104
31300
31301
23111
6728
23112
23113
6729
14922
14923
23115
14925
23117
23118
23119
23120
14929
31313
14930
23124
6745
14937
6746
14944
14946
14947
23142
6758
14950
6759
14951
14952
23145
14954
31338
31339
23148
31340
14956
23149
31341
14957
23151
23152
23154
23155
23157
23158
6774
23160
23163
23164
23167
31364
23172
6789
23173
14982
14983
31370
31371
14988
31372
31373
6798
6799
23184
14993
23187
31380
23188
23190
23197
23198
31391
23199
23200
31392
23201
31397
31398
31401
31406
6831
31407
15023
15026
15029
15031
15035
6843
6844
23232
6850
15043
23235
6853
23237
15049
15050
6859
15052
23248
23249
23250
31452
15069
31454
31455
31457
15074
15075
31459
31460
23269
23270
31462
31463
31471
6895
31473
31474
6901
6903
6904
31483
31484
6909
6910
31486
6911
6912
15105
31490
15106
6915
31491
15107
31493
23301
31494
23302
6919
31497
31500
31503
31506
31508
31511
23319
31512
31515
6939
31517
31520
31521
23333
23335
23339
31535
31536
23345
31538
31539
31544
31545
31551
23361
6977
31553
23363
23364
31562
31563
23373
23375
15183
23377
6995
6996
15190
15191
15193
15194
7006
23391
7008
7011
31588
15205
15206
31591
15209
15211
15212
31602
31606
23417
31611
31613
7037
31615
23425
23426
23427
23430
23433
31626
23434
23436
23437
23439
23440
23441
23442
23443
7060
31639
23448
23450
31643
15262
31646
31648
23456
15264
23458
23460
15268
15269
31653
31656
23464
31658
7087
7088
31666
31668
31675
23484
31678
15296
23489
31690
7118
23503
31700
23512
15323
15324
31709
15325
15328
15331
31715
15332
23525
15334
7145
31721
15340
15341
31728
23539
31733
7162
31742
31749
31751
31764
31768
15386
23580
31772
31776
31778
23590
15400
31785
31787
15403
15404
31789
15406
15407
31793
31799
31801
31806
31821
31823
31825
31826
31828
31829
15447
31831
31832
31834
31836
7265
31842
15462
15463
23657
15465
31850
31856
23665
31859
31860
23678
31872
31873
31874
7306
31883
7307
31884
7308
23693
31894
31895
31896
7320
31899
31909
31913
23722
23728
23729
31923
31927
23737
7356
7361
7362
31939
7364
7366
23751
7368
31945
23753
23756
23757
7374
23760
31953
15570
31955
7379
7381
31957
15574
7383
15576
7385
31961
7388
7391
7392
15584
7393
15585
23781
31973
7398
15590
31974
15591
7399
31975
7400
7403
7407
15600
7411
31989
23798
31991
15608
23801
23802
7418
7419
7420
7421
7422
7423
7424
7425
7426
23811
7428
7429
7430
32007
7431
7432
7433
32009
7436
32013
7437
7438
32014
7440
7441
7442
7444
7445
32021
7448
7449
15641
7453
7454
7455
15649
7457
7459
7462
7464
7466
7470
7471
7472
7474
32052
7477
7478
32055
15671
7481
15674
7483
15675
32067
32068
7493
32069
7497
7500
23886
23887
23888
15697
23889
15698
32082
23890
7507
32083
15699
32084
15700
23893
32085
15702
23894
7510
32086
23895
7512
15707
7515
32092
23902
32095
23904
23905
7522
7525
23911
7527
15721
7529
23915
15725
23917
15726
23918
15727
23920
7536
32113
23922
23924
32116
32117
32118
7544
23928
23931
32124
23937
32131
32132
7558
23943
7559
7560
7570
7576
7577
7578
7581
7582
32161
7587
23971
23972
7589
23974
7593
7595
23980
32173
7597
7599
7603
15798
7606
7607
15800
7608
15804
7614
15809
15810
15812
15813
7621
24006
24007
7623
24009
15821
15822
7635
32211
7638
7641
7643
32219
32220
7649
7651
15844
15845
7654
24038
15847
7657
15849
15850
15851
15852
7662
15855
15856
15857
24049
15858
7666
15859
15860
7668
15861
15862
7670
15863
15864
24056
7672
15865
15866
7674
15867
7675
15868
15869
7678
15870
15871
15872
24064
15873
15874
24067
15875
15876
24069
15877
24070
15878
15879
24071
15880
15881
15882
7691
15883
15884
15885
7694
15886
15887
15888
15890
7699
15891
24083
15892
15893
15894
15895
15896
24088
7704
7705
24089
15897
15898
15899
15900
15901
7709
15902
15903
15904
7712
7713
15905
15906
15907
7715
7716
15908
7717
15909
15910
15911
24103
24104
15912
15913
24105
7721
24106
7722
24107
24108
24109
7726
24110
7727
24112
7728
7729
24113
7730
15924
24116
15925
24118
15926
7734
15927
24119
15928
24121
15929
7737
15930
24122
7739
15931
15932
24125
7742
15935
15937
15939
15940
15941
15942
15943
7755
15947
15948
7757
15950
7759
15951
7761
15954
15955
7763
15957
7765
15958
15959
7767
15965
7773
7774
15966
32350
15967
32351
7775
7776
15971
15972
7780
15973
15974
7784
32360
32361
7786
24171
7790
24176
32369
7793
7795
7798
7800
32376
32377
7801
7802
7803
32381
32384
32390
32391
32392
32393
7817
7819
7820
24204
7822
24208
7824
7827
7829
7831
32408
7832
7834
7835
7837
7839
16035
7843
32420
7845
7846
7847
7850
7851
32433
7858
7859
7860
7861
7862
7865
7869
7873
7879
7881
16077
16079
7887
16080
16081
16082
16083
7892
16084
16085
16086
16087
16088
7898
7900
16094
16095
32479
16097
16098
7906
7907
16100
16101
7911
16103
16104
16106
32493
7917
16110
32494
7919
32496
16112
16113
32498
7922
16116
32500
16118
16119
32504
7928
24312
32505
7930
32507
24315
7931
24316
32509
24317
24320
7937
32513
24321
24322
32514
24323
7940
32516
24332
7949
24335
24336
24341
32534
24344
24345
7963
24347
32540
24348
32541
16161
32547
7972
7975
16169
24362
16171
16172
16174
24367
24368
7984
16178
16179
7987
32564
16184
16187
7996
16189
16190
7999
16191
16192
32576
32579
32582
8008
32585
8011
24397
8018
8023
24409
24410
32604
8032
24417
32609
32610
32611
24419
8035
32613
32614
24424
8040
32620
8045
24429
32621
16238
32622
32624
16240
8048
32625
24434
32626
8050
8051
16243
24436
16244
8054
24440
8059
32636
32641
32642
32644
32645
32647
32648
8072
8075
24460
32653
24462
32660
32661
8085
16277
8087
32666
32669
24477
24479
32671
8096
24480
32672
32675
32676
16298
8110
16304
16305
32695
32696
8121
32699
32702
8132
32709
8134
8138
8141
16333
8143
32719
8145
32726
32727
8155
32737
32738
16354
8169
32760
32764
32766
