8193
8194
4098
8198
8
8201
4106
10
12
13
14
18
8211
20
8212
22
8214
8216
27
8220
31
8224
12321
4129
12324
8230
38
8231
39
40
42
8234
4139
4140
12334
4143
12336
4144
4146
4147
52
8244
4148
4149
8246
4150
4151
4152
57
4153
12345
4155
60
4158
62
4159
66
67
4164
12356
12359
4171
8267
76
4179
84
4181
89
12379
92
99
103
8297
106
8298
4208
12401
4210
4211
4212
117
4214
12406
120
4216
12409
4217
12410
12413
126
4226
12418
131
4227
8326
136
4233
12426
140
8334
8338
147
4248
4250
12442
4251
4253
157
4255
159
8353
4259
4262
166
4263
4266
12461
173
4270
12464
4273
4277
181
12470
182
8375
12471
4280
184
4281
12474
4283
4286
193
194
4290
12483
12484
4292
12485
4293
12486
4294
4295
8391
12487
8393
4297
201
8395
4299
4300
8397
205
4302
4303
8399
4304
4305
4306
4311
8408
4313
4314
12506
8411
12508
220
4317
12509
8413
4318
222
8415
223
224
8417
4321
8419
4323
227
4324
228
8420
12517
12518
8424
4328
12520
238
8431
242
8434
244
4342
249
251
12540
253
4350
4351
4355
261
4359
265
267
4366
4367
4371
4372
283
12581
4390
294
12584
4393
12587
12589
4398
12590
8495
8496
12592
12593
8497
12602
4411
318
4417
4422
12615
328
4426
334
12623
4433
4435
339
342
352
4448
4451
356
362
366
12656
370
4469
12663
12664
4478
12674
4483
395
4493
399
4500
404
4502
406
409
4505
4509
415
4514
12713
4522
4526
12724
4536
440
12728
12729
12730
4539
4540
12733
12734
4542
4543
12736
4544
4545
4546
12740
4549
12741
12743
459
4556
4557
4558
4559
4562
466
12754
4564
12757
12760
4568
472
473
12761
4571
4572
12764
477
4573
478
479
480
12768
4577
12770
482
4579
12772
4582
488
4585
4587
8684
12781
4589
8686
495
4592
497
499
4595
8694
4601
12794
4602
8698
12796
12799
512
12800
4610
12804
516
517
12805
4617
12812
12813
4623
8721
4625
12818
4628
12821
12822
4630
4631
4632
12824
12825
537
12826
539
4635
4636
4637
541
4638
8735
4639
12831
544
4641
545
4642
12835
4648
12842
12843
12846
12847
12851
12852
4662
566
12854
8759
8760
568
12856
570
8764
8765
573
12862
8770
580
583
4679
4680
12872
4681
8780
588
8783
12880
595
4698
8795
12891
12892
604
12893
606
12897
8804
4708
8807
616
4715
8812
12908
620
12909
8813
4717
8814
623
8815
4724
4725
8823
4727
634
12925
8829
638
4734
8832
641
12931
645
12934
647
8841
8843
651
4748
12940
653
4750
654
4751
655
656
4753
4754
12946
4755
12947
4756
12949
12950
12951
4759
8856
8857
12955
4765
12957
4766
12962
8866
12963
12964
8869
4774
8872
8873
12970
12971
8876
4780
4783
12975
4786
8882
8885
8887
4791
8888
8889
8890
4794
12989
8893
8894
8895
4801
12993
4803
710
4806
719
4816
13009
4817
4822
4827
731
733
13023
735
739
13028
740
742
4839
13032
744
746
13036
749
756
13047
13048
13050
762
4860
765
13054
771
13060
4869
4870
4872
4877
8978
13074
13077
8982
4887
4888
4892
4894
4896
4897
13089
8993
801
4898
8994
803
4899
4900
4901
805
4903
4904
4906
13101
4909
4916
822
829
4925
830
4926
831
4928
9024
4929
13123
835
4931
13125
4933
4935
13128
844
846
847
848
13138
851
4947
9043
4949
13142
4950
855
4953
857
4954
4955
4957
13150
864
13152
13155
13156
13157
13158
9063
13162
4970
13163
4972
13164
4973
4974
13168
13174
886
4982
887
9079
13175
888
13176
4985
13178
9083
4987
892
4990
13182
4991
4992
4994
9090
4995
4998
5001
13194
13195
9101
9103
5007
5008
13201
9107
5011
5012
917
5016
9112
5018
5020
5022
927
929
5026
9124
936
937
5034
939
942
13235
9140
951
5048
9144
13242
957
5053
5054
5055
5056
9153
13250
962
13252
5060
5061
9158
971
9163
5068
5069
13262
9166
974
13264
9168
5073
977
5077
9173
5078
985
5081
5083
5086
5087
9184
5088
992
9185
5089
9186
5092
996
9188
997
13286
9191
9192
13288
1001
9195
5101
9200
5105
5106
13304
9209
13305
5115
9211
1022
9215
13311
5120
5121
13314
5124
5128
13321
13323
13325
13326
13328
5137
5138
5139
5141
9237
9238
9240
1049
5145
5146
9242
13340
13342
13343
9248
1057
5153
9249
9250
5156
9255
9256
1064
5161
9257
13353
1066
5162
9259
9261
13359
1075
13363
1078
5177
5181
1086
1092
5188
9284
13382
5191
13383
9290
5194
9291
5196
9292
13388
5197
13390
9295
5199
5200
13393
13394
5203
1108
13397
1110
13401
9308
5212
5213
5214
5215
5216
1123
13414
5223
5224
1128
1130
1132
13422
5231
13425
9330
5235
9331
1140
9333
5238
9334
5239
9336
9337
5241
5242
9341
13437
5247
9344
9349
13448
9353
9356
5261
9357
13453
13455
13457
1169
9362
1171
9364
9365
5269
9366
5270
1174
9367
13463
13464
5273
9370
5277
13469
9373
9374
5280
9376
5281
5283
9380
13479
5290
9389
5294
5296
9394
5298
9395
9397
5305
9402
5308
5310
9409
9411
5317
9414
9419
9421
5326
1232
5329
1233
13524
9428
1237
5333
13528
9432
13529
9434
13530
9435
9436
9437
9440
13536
13537
13539
13541
9445
13542
9447
13543
13545
9449
13546
9451
9452
13550
5359
9455
9456
9457
9461
9462
5366
9463
9464
9465
13561
9467
9471
9472
5379
5380
9477
5385
13579
9485
9486
9488
13585
9490
9491
9492
5396
1302
5399
9496
1305
9497
5402
9501
13599
9503
13603
5412
9508
9509
5413
5414
9511
5416
9512
13610
9514
9515
5420
9518
5422
13617
9521
9523
9525
1335
9530
9531
9532
5436
1341
1342
5438
5442
1348
5445
1350
1351
1352
1354
9547
9548
1357
1360
13650
9554
1363
5459
9556
9558
13655
1368
9561
5466
9562
9563
5470
1377
5474
1379
13670
9574
5479
9575
5481
1386
9578
1387
5485
9583
9584
9586
13684
13685
5493
1399
9593
13690
9596
9598
5506
5508
9605
9606
5513
5514
9612
1420
5516
9614
9616
5520
5521
5522
5523
9619
5524
9621
9622
9624
5529
1434
9626
5531
9627
9628
9629
9630
5535
1440
13730
13731
1443
1445
13734
13735
1447
13736
13737
9641
13738
5547
13739
9643
9644
9645
13742
13743
9647
13744
13745
1458
5554
13746
9651
13749
5557
9654
13751
13752
9656
13753
9657
9658
5564
13756
13757
13758
5566
1474
13762
9669
13765
9670
1480
13771
9675
1484
13772
5581
5582
5584
13778
9682
1491
13779
5590
5591
13783
9687
13784
1498
13786
13787
1500
13789
9693
13790
9694
9695
1503
5599
13792
1504
9698
5603
5604
5605
5607
5608
5609
13801
9706
5610
5611
9709
1517
9710
5615
13809
5620
13812
1525
5625
9721
13818
1532
1533
1534
1535
13824
5633
1537
13826
13828
1540
1541
1543
5641
1547
9739
1548
1549
13837
5646
13838
1550
9743
1551
9744
5649
9746
13842
13843
9748
13845
9751
13847
13849
13851
5660
13852
5668
9766
13863
13864
13865
5674
13867
13868
5682
9779
13882
5690
9787
13884
5693
9791
13887
9793
9794
5699
13893
5702
9800
9801
13897
13908
13910
5721
5722
13917
9822
5730
5731
9828
5732
13927
1645
5744
1649
9842
13939
9851
5755
13948
5756
1662
13952
9857
13954
13955
9862
13959
1672
9865
9866
13964
1679
9871
9873
9874
13970
1683
13971
13972
13973
1685
1687
9881
1690
13979
9884
9885
5790
5791
9889
1697
5794
9891
5795
1700
9893
1701
9894
13996
9901
9903
14000
14003
9907
14004
9908
14005
14006
14007
9912
1720
9913
1721
1722
1724
9916
1725
5822
14016
14017
1729
9922
14018
5827
5829
14023
14025
14027
1739
9935
5842
1749
5848
1753
9950
14046
5857
14049
1763
14051
14052
9956
9957
1765
14055
1767
9959
14056
9960
1769
9962
1772
9964
14061
9966
14062
14064
9969
9973
1783
14072
1787
1788
9981
14078
1791
9986
9988
1797
9990
1798
9991
14087
9992
1801
9995
1803
1804
9996
14093
9997
1806
14094
9998
14095
1808
10000
1809
10001
10002
14099
10003
5907
14100
1813
14101
1815
14104
10009
14105
1817
14106
10010
14108
1821
14109
1822
10015
1823
1824
14115
14116
5925
14117
10021
14119
5927
14120
1832
14122
1839
1840
14129
14130
1844
1846
10039
5947
1852
10047
5951
10048
5953
14145
10050
5955
14148
5956
10054
14150
1862
5959
14152
5960
14153
14154
5962
5963
14155
14156
14157
5965
10062
14158
1870
14159
1871
1872
10064
14160
10065
14161
1873
10066
1874
5970
14162
14163
10067
1875
14164
5972
1876
10068
10069
14166
10070
14167
10071
5975
10072
5976
5977
14169
1883
10076
1884
1885
14173
1886
10079
1887
14176
1888
10080
5985
10082
10083
5987
10084
14189
1902
14190
1904
6000
1905
6001
10097
1906
1907
1908
14196
6004
1909
1910
1911
6007
14200
1912
14202
1915
1917
10109
1918
10110
1920
1921
10113
6018
1922
10115
6019
6020
10116
1924
1925
1926
10119
14216
1928
10121
10122
6027
1934
6032
10128
1940
1942
1943
6040
1944
10136
10137
6042
6043
14235
6045
1951
10143
14240
10144
10145
1954
10146
6051
1957
10150
6055
1960
6057
10154
6059
1964
1965
1967
1970
1973
10165
10167
14264
1976
14265
10170
14267
1979
10171
10172
10173
1982
10174
10175
14272
14273
10177
14274
14275
1993
1994
10186
10187
14284
10191
10192
10193
2001
10195
10196
2006
14295
10199
10201
10202
10204
10205
2013
14302
14303
10207
10208
14304
10210
14307
2019
10211
14308
14309
2022
14313
2025
14314
2028
10220
10223
10224
14321
10226
14323
2035
10227
10228
2037
14326
2038
10230
10231
10232
2041
10233
10234
2042
2043
2044
2046
2047
2048
2049
2050
2051
2052
2054
2055
14347
10251
14348
2063
2065
2076
14364
2077
10270
14369
14370
2083
2086
6184
6188
14390
2105
2109
14400
14401
10306
10307
6214
10313
6217
2122
2124
2126
14415
10323
2131
2132
10326
2137
10329
2138
10330
10332
2141
6237
6238
6240
14433
6242
2146
2147
14435
6245
2150
2151
14440
6248
2152
14441
2153
2154
10346
14442
6251
2155
2156
6255
2160
2162
2163
6262
2167
6263
2170
2171
2172
14461
2173
2176
2178
6274
2179
10377
2187
10380
6284
14480
2193
2194
14482
2195
2196
14485
14486
2198
6295
2200
10393
14489
14490
14493
14494
2206
14496
14497
14498
14502
14503
10409
14506
14507
6318
6320
2224
14512
14515
6323
2228
6324
6325
2230
2231
10423
2232
14521
10427
10430
10434
14531
6342
6343
10441
10443
14540
14543
10449
10450
10451
6356
14549
6358
10454
10455
10456
14553
10460
10462
2270
10464
2272
10465
14562
10466
10467
10468
10470
10471
14567
14568
10472
10473
14569
10475
10476
6380
6381
2287
14576
2288
14577
10481
10482
14578
14580
14581
10485
14583
6391
2296
6393
6394
14587
10492
6399
14593
6401
10497
2314
6412
14608
6417
14610
6419
6420
6421
14614
6422
6423
6424
14616
14617
14618
6428
10525
6430
6432
14625
2338
10532
6436
14629
14630
10534
14633
14634
6443
14635
6446
6447
10544
6448
14640
6449
6450
10546
10547
2357
2358
2361
2364
2366
10558
14654
6462
10559
2369
14658
2370
10564
2374
14663
2377
2379
10571
6475
14669
10573
14670
2382
10575
2384
6481
10577
14673
14674
6482
10579
6483
2387
6484
10580
14677
2389
10581
6485
10582
6486
10583
14682
10587
6492
14686
6494
10591
6495
14687
14689
14690
10594
6503
10600
10601
6505
14697
6506
14698
6507
6508
14702
10606
10608
10609
10610
6514
6515
6519
10615
10616
6520
6521
14715
14716
14718
10624
6529
10626
14722
14723
10627
14725
10629
10634
6539
6540
14733
14734
10640
10641
6545
14738
6546
14739
10643
14740
10645
2455
2456
2457
14745
10651
14747
10653
10656
10658
14755
10659
14756
10664
10665
10667
10668
10670
14767
10671
2481
2484
10677
10679
2489
14778
14780
14787
2499
14788
10693
14789
2501
14790
2505
10700
10701
2510
10703
10704
2514
14803
10707
6613
10709
2519
6615
6616
14812
10717
10718
10719
2527
10720
10723
14820
14822
14823
2535
10727
2536
2538
2539
10731
10732
2540
14831
10736
6641
6642
2548
2549
2550
10743
2551
14840
6649
14841
2553
2554
10747
2555
2556
10749
2557
10753
2563
14854
2567
10760
14856
10762
2571
10763
2572
10765
14861
10766
10767
10768
2576
10769
10770
14867
10771
14868
10773
14871
14872
2584
10777
14873
10781
10782
10784
10786
2595
2597
2598
6696
14890
10795
2603
14891
10796
10797
14893
14894
2608
10801
6706
2611
14904
2617
2618
2619
6715
10813
2621
2622
2623
14914
14916
6724
6725
14918
2630
14919
2632
6728
6729
6730
10826
2635
14925
14926
2638
10831
14927
6738
6741
14933
10838
2647
14935
6744
10841
2650
2651
6749
10846
10847
2656
14944
2657
2658
2659
10852
2663
14952
14953
14954
14956
2669
14959
14962
2680
10873
2681
14971
2688
14976
2689
14978
2690
14979
2691
14980
14981
10885
10886
14984
2698
2700
2701
14990
2702
2705
6801
14994
2706
10899
14997
2712
10905
15004
2718
6815
2721
15013
2725
10918
15014
2731
10930
10934
6839
15032
6840
2745
15034
6842
15035
15038
15039
6848
6849
15045
10949
2760
2761
2763
15053
2765
10958
2767
2768
10961
6866
6869
10968
15064
15067
2780
10972
15068
10973
2782
10975
15071
10977
2787
10980
6886
15078
6887
10987
10989
15085
2798
15087
2800
15088
2802
10994
2804
2805
10999
11002
15099
11004
11005
2819
2821
15109
11015
2824
2826
15114
15115
2827
15116
2828
11020
2829
2830
2831
6927
6928
2833
6930
15124
6933
2837
15126
15127
15128
2840
2841
15129
15130
2842
2843
2845
15133
2847
11041
15138
6946
15139
2852
15140
11045
11046
11047
11049
11051
2861
11053
11054
2863
6961
2867
2869
6966
2871
6971
11068
11070
11072
11073
11078
11079
6984
11082
6987
11084
2893
2895
11087
2902
11094
11095
2903
7002
2907
2908
11100
2910
2911
2912
7010
11106
2915
11111
11114
2923
2924
2928
11121
7027
11124
2934
11129
11130
2938
11131
2940
11133
7038
2942
11135
2944
2947
7044
7045
7046
11142
2950
7049
2953
2956
2960
2964
7062
7065
11167
7072
2976
11169
2982
7081
7082
2990
11183
2993
2994
2995
11188
7094
11192
11193
11194
3002
11195
7099
11196
11197
11198
7102
11200
7104
3010
11203
7110
11206
3015
11210
3020
7116
3021
7118
11214
3024
11217
3027
11220
3031
7127
3032
3034
11227
3035
11228
11229
3037
7133
11230
3038
3039
3040
7137
3042
11235
3043
7142
3051
3052
3054
7151
3055
7152
3057
7154
7156
3064
7161
7162
3069
3070
3072
7168
3074
3075
3077
11269
11271
3079
11272
7176
3080
11273
3082
3084
11276
7181
11277
7182
11278
3087
11279
7183
11280
7185
3090
3095
7191
7192
7193
7196
3101
7201
7204
11302
3112
11304
3113
7210
3115
7212
7216
3122
3123
11315
7220
3135
11327
3139
7235
11335
11336
3145
11339
7243
3148
11341
7245
7246
7247
3151
3152
11344
7250
7251
3155
11350
11351
3159
7257
11354
7261
3165
3168
7265
3169
7267
7268
3173
7270
7274
11370
3182
3184
11376
3188
3193
11396
7305
3212
3214
11408
3216
3229
11423
3231
11426
11428
3238
3239
11431
3240
11432
11433
11434
7339
7344
11440
11444
11448
3258
3259
3260
3262
3263
3265
7362
7363
11471
7376
11475
3285
3290
7388
11488
3300
3301
3304
3306
11500
3309
11507
11508
3328
7425
7429
11527
7432
3339
3340
7437
3341
11533
7438
3342
3343
3344
3345
3346
3347
11540
11541
11542
11544
11545
7451
3355
7452
3357
7453
7454
11552
7458
3363
3364
3367
3371
7468
3375
7473
3383
3384
7483
7486
3392
3393
3394
7493
3397
7494
11590
3400
3402
7498
7500
3405
7502
3407
3409
11602
3412
3415
7512
3416
3418
11611
3419
3422
3425
7527
3434
3436
7533
7542
7544
3448
7547
7548
11647
11648
11652
3460
3461
7558
7560
3467
3470
7568
3472
3473
3477
7573
3479
7575
7576
7577
7578
3482
3483
3484
7581
3485
7582
3487
7587
11684
7588
3492
3493
7589
11685
7590
3494
7591
11691
3505
3507
3509
11702
7609
11706
7615
3522
3523
3526
7623
3527
7630
7633
7636
7637
7641
7645
3549
3552
3553
7651
3556
3557
11750
11751
7658
7659
7661
7662
3566
3567
7664
3568
11761
11762
3570
7668
7669
7670
3576
3579
11772
7679
7681
11777
7682
3587
7683
3588
11780
7684
3589
7686
3590
7689
11788
11790
3600
11795
11796
7701
3607
7706
3614
3617
3618
3620
3622
7718
3626
3631
7728
3633
7731
7732
3636
3637
3639
3640
3644
3646
11838
3648
7744
7747
7751
3655
7754
7755
11851
3659
3662
11855
7760
3665
7761
3667
7763
3670
11866
3675
7772
3680
3681
3683
7781
3686
7783
11879
7784
7785
3690
7786
7787
7789
3695
3696
3698
7796
7799
3709
7808
3713
3716
3718
7814
7815
7816
3721
3722
11914
3732
7834
7835
11931
7838
7839
7840
7842
11940
11943
7848
3755
11948
7853
3758
7854
7855
11951
3766
7865
7866
7869
11966
7871
7874
3780
7876
7878
11974
11979
7886
11984
3792
3793
3794
7891
7892
11990
7895
11991
7897
3806
7903
7907
12004
3812
7909
12006
7910
12007
7913
12009
12010
3819
12012
3821
3823
3827
3829
7925
3831
7928
3836
3840
3842
7938
12037
3847
12039
7947
3851
3852
3854
12048
7961
7963
12059
7964
12064
3874
12066
12067
3877
7974
12073
3882
12081
12082
12083
12084
3895
12088
12089
12093
3902
12095
8017
12114
8018
8019
12118
8027
3932
3933
3935
8039
8040
3945
3946
8042
3947
8044
3948
12141
8046
12143
12148
8054
8057
3961
12157
8064
8066
3970
8069
8071
8079
8082
12180
8084
8085
12183
8087
8088
12185
12186
8090
8091
12191
12192
12193
8099
12196
4006
12199
8109
12208
12213
8117
8124
8130
8134
12231
12232
12234
4044
12247
8154
4061
12254
12257
4065
8163
4070
4073
8170
4076
12270
4081
4082
12275
4083
4089
12282
8186
4091
8188
8189
8190
4095
8191
