0
4097
4099
3
4100
4
8199
8
4105
9
12
8204
8205
8206
4111
16
19
20
23
27
4123
4125
8222
4129
33
4130
4132
37
8230
41
45
46
47
8241
50
51
4153
8250
8252
61
8254
4160
65
4164
8261
4168
75
4172
4174
4176
4178
84
4183
87
89
4185
8282
4188
4192
97
4204
111
4208
4211
116
117
119
8313
122
126
128
8322
4226
133
4230
8327
135
4232
8328
137
8329
8331
8332
8334
8339
4244
150
4246
8342
152
8345
4250
4252
4253
159
4255
4256
162
4259
164
166
168
8364
178
8370
190
4291
195
197
198
4296
4298
4301
209
4308
4309
4310
4311
215
4318
4321
8417
4323
8420
231
8424
233
4329
234
8426
8428
238
8430
8432
8433
243
4340
245
248
8447
255
257
4355
4356
4360
264
4361
266
4364
268
269
271
273
280
282
284
4382
287
4383
4387
4388
8486
296
298
4395
302
8494
8495
304
4404
8502
312
313
314
4411
4414
319
8515
8517
4422
8519
8520
4425
8522
4429
8527
8528
8531
8532
4436
4437
342
8535
348
8540
351
8545
8547
8548
4454
8553
8554
8555
8556
366
4463
4464
4467
374
4470
8567
8571
381
4478
4479
8575
8576
8578
387
8580
4485
8582
391
392
8586
8587
4491
8588
397
8589
404
8597
8599
4504
409
8601
412
8605
414
8606
415
4511
418
8612
421
422
423
4520
4522
8620
8622
8623
432
433
434
435
437
4534
438
4541
448
4544
4547
452
4549
4550
458
8651
8652
8653
462
463
8656
8657
4562
467
4567
471
8664
4570
8667
8668
8669
8672
481
4577
483
4582
8680
8681
8682
490
4588
494
495
8687
497
499
500
8695
503
8697
508
510
4607
8710
4615
4618
8714
523
8717
4622
527
8721
4627
8724
535
539
4637
542
4638
4639
545
4642
549
8741
8743
553
557
8749
8751
8752
4665
573
4670
575
577
579
581
4678
584
585
8777
4682
587
8782
590
4686
591
4688
593
595
8788
596
8790
8791
601
8794
605
8799
8800
609
8802
8804
8806
4711
8808
8810
8811
4716
620
8812
621
8813
8814
8815
623
8816
4722
4723
8821
4726
631
4727
8826
8827
639
4735
8831
8833
8834
8838
648
8840
8841
650
8844
656
8850
661
666
668
8865
8866
676
4774
4775
8872
8874
8877
685
8878
688
8881
696
708
710
716
718
724
725
8918
726
728
8920
8927
735
736
740
8935
8936
745
747
748
749
751
4851
8948
8949
759
761
764
766
769
4865
4866
8964
772
777
8972
780
8974
786
787
789
791
793
795
8990
4895
800
4897
801
8993
802
806
807
816
4913
818
4915
9011
822
823
824
4927
9024
4931
839
840
4937
4938
4939
4940
4943
851
4949
4952
4955
861
863
4959
9057
9058
4964
868
871
874
876
881
9077
9083
5002
9099
5004
910
911
912
914
915
5012
5017
924
5022
5029
934
935
957
961
962
5063
5064
972
5070
5071
975
977
5078
5082
988
5087
992
5092
996
997
5095
5098
5099
5100
5107
5117
1022
1023
1024
1025
5122
5125
1039
9234
1046
1047
1052
9249
9261
1079
1083
9280
9281
1093
9288
1097
1099
1105
1107
5204
1112
1113
1114
1115
9310
9311
9313
1125
1127
9320
5231
9330
9332
1140
1151
1156
9349
1158
5261
5264
5269
1176
9371
9372
9378
9386
9388
9391
9392
9393
9394
1204
9397
1213
5313
9409
1218
9410
9411
1221
9413
1228
1231
1233
5331
9428
5336
9436
9437
9438
5345
9441
1258
1259
5358
1262
5364
9460
5366
1272
9464
1274
9468
5377
9474
1283
9480
1289
5389
5390
5392
9488
5393
1298
1300
9492
9496
5404
9500
1311
9504
9513
5419
9515
9521
5426
5427
9523
9526
1342
9539
1348
1349
9542
1350
5447
1352
5450
5451
5452
9548
5459
5461
9557
5462
5463
9561
9562
5466
1371
5467
1372
1373
1374
5470
1375
5474
1384
1385
9586
9589
9590
5499
5501
9598
5504
9601
9603
5512
9611
1420
1422
1424
9620
1429
1430
5527
9625
5531
5535
5538
1443
9636
5541
1445
5543
1448
5545
1450
1451
9643
5547
1453
9648
1456
1465
5561
1466
5563
9666
5570
1475
9671
9672
1481
5579
9675
1484
9677
1485
5582
1487
5584
9682
9687
9688
9689
1504
1506
9701
1511
1525
5637
1542
5644
5645
5646
9742
9745
1555
5653
9749
1558
9753
5662
5664
1572
9765
1575
9768
1577
1584
1585
5682
1588
9782
9789
9797
5701
1619
9817
9823
1634
9828
1636
1647
9843
9844
9847
1657
1658
9850
9851
1659
1660
9852
5757
9854
1663
1664
9856
1666
9860
1669
1673
1675
1678
5781
9880
9882
5787
5788
1695
1698
1700
1701
1712
5814
1727
1730
5836
5838
5843
5845
9947
1756
9948
5856
1762
5859
1765
1770
1771
1777
5876
1781
1788
9992
5900
1812
1814
1815
1816
1817
10012
5925
5926
5929
5933
10038
1850
5951
5952
10063
1879
5979
5980
1885
5982
10079
1887
10081
1891
5988
5990
1895
1897
10100
6005
1910
1911
10105
10120
1939
1940
6037
6038
6039
6040
6041
1949
10147
1956
10151
1959
10157
10159
10160
10164
1972
1973
1974
1976
6074
1981
1984
1985
1988
10188
1996
1999
2005
6102
10198
10201
6107
2012
10206
10207
2016
10208
2017
10210
2020
2022
2023
10217
6122
10219
2029
2030
10223
2032
6129
2034
6130
10227
10228
2036
10230
6134
2038
6136
2041
6138
10234
10236
6141
10237
2046
10239
2047
10242
2050
6147
10243
6148
10244
2054
2056
2061
2062
2063
6159
6163
2068
10261
10263
10268
2077
2083
6184
2088
6185
2089
6186
2101
10293
6201
2107
6203
6204
6205
2109
6206
2112
2116
2118
2120
6222
2129
6227
2143
2145
10343
10344
2152
2153
6249
2155
6252
2158
6255
6258
2168
6264
10360
10362
6267
2171
2174
2180
6278
2193
6291
6295
6299
6303
10401
6307
6311
2216
2217
2218
6315
2221
2224
6321
2227
2230
2231
10425
2234
10428
2239
2240
2241
2242
2248
6352
6353
6355
2259
2260
6356
6357
2264
2273
6369
2277
2278
2284
2285
2292
2295
2302
2304
2306
2310
2315
2319
6416
2321
2325
6422
2327
6426
2331
2332
6429
2333
2335
6431
2336
2337
2340
2344
10538
6442
2351
10546
2360
2367
2369
2371
10564
2377
2380
2383
10577
2386
2392
6489
2398
2400
2407
6510
2415
2419
10614
6520
2424
2429
2437
2438
6540
6543
2449
6545
6546
2451
6550
2458
6559
2466
6564
2471
2477
2478
6579
2484
2485
2487
6584
2491
6589
2494
6590
2501
10696
2505
2507
2508
2509
6606
6610
6613
2520
2521
6621
2531
2533
6632
2536
6634
2540
6636
10733
2541
6638
6639
6640
2545
6643
2548
6645
6647
6648
6650
2554
2555
2556
2563
10758
10759
2569
2571
10766
2574
2576
2578
2580
6677
6683
6695
10792
6697
6698
6708
6710
6712
2629
2631
2635
6731
2637
2643
2649
2656
6753
6754
6755
2660
6760
2667
6763
2670
6767
6779
10876
10882
10883
2691
2697
6796
2705
2706
10899
2708
10900
10902
10904
6808
10906
10908
2720
2721
2722
6818
10915
2724
10917
2725
10919
2738
2740
6850
2754
10949
10951
10952
10953
2762
6859
10961
6866
2770
2771
2772
2775
2776
2777
6873
6875
2779
10972
2780
2781
2782
2783
2784
2785
2786
6883
2787
10979
2788
6885
2789
2790
2791
2792
10985
2793
2794
2795
6892
2797
10989
6895
2799
2800
2801
2807
2809
11002
2813
11007
2821
11015
2823
6924
11020
11023
6927
6928
2833
6930
6935
2844
6941
2847
6945
6946
2851
6950
2854
6953
6959
2865
2869
6965
6967
6969
2874
2877
2879
6984
2888
2890
2892
6988
2894
2895
6994
6995
6996
6998
2903
2910
7006
2912
2916
2918
7015
2921
7022
7024
2928
2929
2938
2939
2940
2941
2946
2948
2950
7047
2951
2953
2955
7051
2956
7056
2960
7058
2964
7060
2967
7064
2968
7067
7069
2974
7071
2977
7076
7078
2983
2984
7084
2994
2995
2998
7099
7101
7102
7103
7104
3009
7105
7106
3010
3011
7107
7108
7109
7110
7111
7112
7113
3017
3019
3022
3024
7120
3026
3027
3030
3032
3033
3034
3035
3036
3037
3039
3043
3044
3048
3049
3057
3061
3073
3076
3078
3079
3080
7180
7183
7185
7186
3091
7188
7189
7195
7197
7199
3112
3124
3127
7224
3131
7227
3134
3138
3145
3148
3149
3156
3160
3168
3169
3170
3171
3173
7282
7285
3189
7286
3204
3205
3207
3210
3211
3213
7309
3214
3216
3219
3222
3224
3235
3246
7355
3261
3264
3265
3270
3271
3277
3299
3307
7404
7405
3327
3330
3331
3334
7430
3341
7438
7463
7466
7477
7479
7484
7485
3393
7490
7504
3409
7506
7507
7508
7514
7517
3425
3427
3429
7525
7526
3439
3444
3445
3446
7542
7545
3449
3453
3461
3465
3470
7572
3476
7574
7575
7576
7578
7579
7581
7584
3489
7586
7588
3492
7589
3495
3498
7595
3499
3500
7599
7600
7601
7602
7603
3507
7604
7605
3509
7607
7608
3513
3515
3522
3526
3527
3529
7627
3533
7630
3546
7648
7650
3557
7653
7655
7657
3573
7669
7670
3575
3577
7674
7675
7676
3583
3585
7682
7686
7691
7692
7693
7694
3601
3603
7700
3604
7703
3607
7706
3611
3621
3623
3630
3631
3633
3636
3638
3640
3641
3644
3645
3648
3650
3651
3653
3654
3656
3659
7758
3668
3669
3674
3676
7788
3700
3701
7798
3703
3709
3718
3720
3721
3731
3735
3740
7837
3741
3742
3750
7848
7849
7852
7856
3761
3764
7864
7869
3773
3776
3777
3778
3780
3783
7880
3789
7886
3791
3795
3797
7894
3807
3809
7908
3818
3828
3830
3838
3840
3842
3845
3850
7950
3858
3860
3861
3863
7976
7985
3905
3908
3914
3915
3918
3921
3922
3939
3945
3948
8045
3949
3950
3954
8051
8056
3960
8059
8065
3970
3979
8079
4010
8108
8110
4014
4015
8113
4017
4018
8115
4023
8120
4027
8123
4029
4030
8126
4032
4034
4037
8136
4041
8138
4043
4047
4049
4050
4054
4057
4058
4059
4060
4061
4063
4064
4066
4068
4075
4078
8180
4084
8181
8182
4089
8190
