0
4096
1
4100
4101
4102
4104
4105
14
4110
4111
17
23
25
27
28
30
4129
33
37
4135
4136
40
4137
4138
4139
4140
4141
4143
4144
4145
50
4146
4147
51
52
4148
4149
54
4150
4151
55
4152
4153
57
4154
59
4155
4156
4157
61
4158
63
4160
4162
68
4164
4165
71
4168
4169
75
81
4178
4179
4180
4183
91
95
4194
4196
4197
102
4199
4201
105
4203
109
4205
4207
113
115
116
119
121
123
126
4224
4229
134
4230
4232
137
4233
138
140
4238
4244
4245
4246
150
4253
161
4260
4262
4263
4264
4267
174
4276
4278
4279
4281
190
4290
194
203
4300
204
209
4307
212
4311
218
221
222
4320
4321
227
4324
228
229
4325
231
233
234
238
239
245
4343
252
256
4360
4361
4363
4364
271
4368
274
275
4374
4378
284
4381
4384
288
4385
290
4386
4388
294
297
4395
302
4398
303
304
4400
305
306
307
4405
309
311
4408
314
316
319
4415
4416
320
324
4422
328
4427
4429
335
338
341
348
4444
4448
352
4449
355
358
359
4456
4464
4465
4468
373
4469
4470
4472
4473
377
378
379
4477
382
4478
4479
384
4481
4482
4485
4486
4488
4492
397
398
4494
4495
4497
4498
4499
4502
407
4504
408
410
4514
420
423
4523
428
4528
438
4535
4536
4537
4539
444
447
4555
460
465
4569
474
477
4576
483
488
4585
490
4586
4588
4589
493
4591
495
504
505
4602
4603
509
4614
4618
530
4635
4638
547
549
550
553
4651
555
557
560
561
564
565
572
578
4676
4677
581
4678
584
586
590
592
594
596
597
602
603
604
606
607
608
4705
609
4706
4707
4708
612
614
4710
615
4713
4715
4719
628
4725
629
632
633
4730
4732
636
638
4735
4737
642
643
4740
644
4741
4748
654
656
4753
661
4758
662
667
668
669
4767
673
676
682
684
685
687
691
693
4790
4792
696
697
698
702
4798
704
4802
708
716
4812
726
727
728
729
4826
4831
735
739
4836
741
743
4841
4842
747
4843
748
749
750
751
752
4849
753
754
755
756
4853
758
760
761
4858
762
764
4864
768
4865
4866
776
4872
4875
780
4876
4878
4879
784
787
4884
788
789
791
792
795
798
4898
4899
807
810
816
819
823
4925
4926
832
835
837
4935
855
859
860
865
866
4963
867
4966
872
876
877
879
881
884
4985
891
4996
4997
902
4998
5000
5003
909
5006
5007
911
5009
913
5013
918
5014
919
5016
925
926
5022
5023
927
932
5029
933
935
5037
5038
943
5040
946
5045
950
952
954
956
5054
958
975
5073
5074
5075
980
984
990
993
5093
1000
5096
1002
5098
1005
1007
1008
1011
1012
1018
1022
1023
1024
5124
5125
1030
1033
1037
1039
1042
5144
1054
5153
1062
1063
5163
5165
5171
1076
1077
1080
1086
1088
1090
1094
1096
5193
5201
1107
1111
1113
1114
1115
1116
1117
1118
1119
1120
5217
1122
5218
5219
1123
5220
5221
1125
5223
5224
5225
1129
1132
5229
1133
1136
1137
5233
1138
5234
1145
5243
5244
1148
5245
1149
5248
1154
5252
1157
1158
5255
1159
1161
1162
1163
1164
1165
1166
5263
5265
1169
5266
5268
1173
1174
1175
1180
1181
1184
5285
1192
5288
5290
1194
1196
1197
5293
5297
5298
5299
5300
5302
1206
1212
1213
5309
5310
1215
1217
5314
1219
1224
1229
1231
5328
1238
1241
5337
1245
1246
1250
5349
1253
1255
1256
5353
5354
1259
1260
1266
5363
1269
5368
1281
5378
1282
1284
1288
1290
1291
1297
5395
1301
1302
5399
1304
1305
1309
5409
1315
1321
1330
1331
5429
5430
1339
1340
1341
1342
1343
5440
5441
1349
1350
1353
1354
1356
1358
1359
5458
1364
1366
1367
1368
1369
5466
5468
5470
1374
1375
5472
1380
1382
1384
5480
1385
1386
1387
1388
5484
1389
1390
1391
5488
1392
1394
5495
1399
5496
5497
1401
5498
1402
1403
1404
5503
1407
1411
5507
1415
1417
5516
5518
5519
1423
1424
5521
1425
5523
1431
5528
1437
1438
5538
5540
5541
5543
1449
1450
5552
5553
1463
1465
5563
1469
5570
1476
1477
1482
1483
5580
1493
1494
1504
1506
1510
1518
1524
1525
1528
1529
1531
1535
1540
1542
1544
1553
1556
1558
5655
5656
1561
5660
5661
1567
1568
1569
1577
1578
1581
1584
1585
1586
1587
1589
5686
1590
5687
1591
1593
1595
5693
1597
5698
1603
5699
5706
1610
1615
1617
1620
1621
5717
1627
5726
1632
1637
5736
1641
1642
5738
1646
5746
1651
1652
5753
1658
5756
5759
1668
1676
1679
1692
1693
1696
1698
1700
1703
5801
1707
1708
1709
5806
1715
1718
5818
1725
5822
1727
5829
1737
1741
5837
1742
5840
1744
1745
5846
5847
5850
5851
5852
5853
5854
5855
1760
5856
5858
1762
1765
5862
5865
5866
1772
5873
5874
5876
1780
5877
5879
1784
1786
5884
5887
5888
5889
5891
5895
1802
1805
5906
5907
5912
5918
1835
1836
1843
5947
5949
5952
1858
1865
5968
1872
1873
1874
1875
5972
1878
5975
5979
1885
1887
5986
1898
1901
5998
1906
6003
1920
6030
1935
6033
1938
6037
6038
6041
1946
6043
6047
1951
6048
1957
6056
1962
1966
1972
6069
6070
6073
1978
6083
1987
1991
6088
1995
1996
1997
1999
2000
2002
2004
6100
6102
6104
2010
6109
2014
2017
6114
2020
6117
2023
2027
6125
6131
2038
2042
2043
2045
2047
2049
6148
6150
2057
2058
2073
2094
2098
6194
2102
6203
6204
6205
2110
2111
2115
2116
2117
2122
2123
2127
6227
2131
6228
2135
2136
2142
2145
2150
2151
2152
2156
2158
6255
2161
2162
6262
6265
6272
2190
2191
2195
2196
6293
2198
6296
6299
6300
2205
6302
2208
2211
2212
2213
6310
2215
6313
2217
6316
2220
6317
2222
6319
6321
2226
6331
6333
6336
6340
6344
6345
6346
6351
6352
6356
2263
2264
2265
6364
2268
2269
6365
6366
2270
6368
2274
2276
2278
6375
2279
6377
6380
2284
2286
6384
6387
6389
2296
2298
6395
2300
6397
2302
6398
2304
2307
2309
2312
2314
6411
6412
2317
6415
2319
2320
2321
2322
2324
2325
2326
2327
2330
2334
2335
2339
2341
2343
6441
2345
2346
6442
2348
6445
2350
2351
2352
2353
2357
2360
2362
2363
6461
2365
2367
6469
2373
6473
2381
2382
2388
2391
6489
2395
2396
2397
6493
6494
6497
2402
6502
2407
2408
2409
6506
2412
2414
6510
6512
6515
6517
2421
6521
2425
2427
6525
2429
2431
2434
2438
2439
6536
2440
6538
2443
6540
6541
2445
6542
2447
6543
2448
6544
2449
2452
2453
2454
2455
2456
2457
6554
2459
6556
6559
2465
2466
6568
6569
6570
2477
2484
2486
2487
2491
2493
6589
6593
2500
6597
2502
2503
2511
2513
2514
2520
2526
2527
6625
2530
2532
2540
2542
2548
2549
2551
6648
2556
2557
2560
6657
2562
2565
6664
6665
6668
2573
6671
2575
6673
2579
6676
6677
2581
6678
2583
2587
2594
6693
6694
6695
2600
6696
6697
6699
2603
2611
2613
6709
2615
6714
6717
6718
6727
6734
6742
2662
6760
2664
6761
6762
6779
6780
2685
6782
2688
6785
6786
2693
6794
2702
2706
6803
2709
6806
2711
6811
2717
2718
2720
2721
2722
6820
2731
2736
6833
6834
2740
6840
6843
2755
2757
6854
2759
2760
6856
6857
6858
6859
6860
6861
6862
2770
2777
2778
6883
6884
6885
2790
6886
6887
2792
2795
6895
6896
6897
2801
6899
6903
2809
2810
6907
6908
6910
2816
6913
2821
6918
2822
2823
2825
2826
2831
6927
2834
2836
6932
2839
6936
2843
2847
6959
2864
2868
6968
6969
6970
6971
2876
6972
6973
6974
6975
2879
6976
6977
6978
6982
6983
6984
6989
6991
2899
6995
6997
2904
2909
7006
2916
7013
2920
2923
7019
2924
7021
2925
7023
2929
2931
2933
2935
7034
7035
2940
7036
7038
7039
2944
7041
2945
7044
2952
2962
7064
7066
2971
2973
2975
7072
7074
2980
7077
2981
2983
2985
7082
2987
7083
2988
2989
7087
7088
2992
2993
7090
2995
7091
2996
7094
7101
3006
7106
3012
3015
7117
3027
3028
3030
3032
3036
3045
3046
3047
3054
3058
3060
3072
3075
3077
3083
3085
3089
3090
3092
7190
7198
3103
7200
3105
7205
3110
3113
3115
3116
3118
7219
7220
7221
3126
7223
3133
3134
7233
3138
7235
7240
7243
3148
7246
3151
3152
7248
3153
3154
3155
3157
3164
3165
3176
3183
3186
3196
3197
3198
3199
3201
3203
3204
3205
3216
3217
3219
3220
3222
3224
3239
3244
3247
7346
3252
3253
3256
3258
3259
7357
3262
7361
3265
3267
3271
3275
3282
7381
3286
7383
3288
3290
3291
7388
7394
3300
3302
7399
3307
3325
3326
3329
3331
3333
3336
3338
3339
3340
3347
3348
3350
3360
3361
3364
3379
3382
3390
3392
3397
3401
3410
3415
3421
3422
3424
3425
3427
3432
3448
3449
3451
3454
3455
3458
3460
3461
3472
3475
3491
3492
3495
3496
3501
3504
3510
3514
3520
3530
3531
3532
3533
3537
3541
3549
3564
3568
3570
3611
3612
3615
3634
3636
3637
3639
3644
3645
3650
3654
3660
3661
3663
3679
3684
3685
3686
3687
3688
3689
3690
3704
3705
3709
3710
3713
3718
3720
3724
3727
3728
3732
3733
3737
3746
3748
3750
3766
3767
3768
3770
3774
3775
3798
3799
3800
3803
3804
3805
3808
3814
3815
3816
3817
3822
3828
3834
3841
3842
3843
3845
3849
3859
3862
3864
3868
3869
3875
3881
3882
3883
3887
3897
3913
3917
3918
3919
3920
3921
3922
3923
3924
3925
3929
3930
3932
3934
3937
3940
3954
3955
3957
3958
3960
3961
3963
3964
3966
3967
3969
3972
3977
3978
3984
3986
3991
3992
3995
4000
4002
4003
4004
4012
4015
4020
4022
4031
4032
4033
4035
4037
4047
4056
4057
4058
4059
4063
4065
4073
4078
4081
4083
4084
4086
4088
4090
4092
4095
