0
2
8
13
19
21
23
16409
16410
16411
32
16425
46
49
55
57
59
16444
16445
61
65
73
16458
75
16461
81
85
16470
16472
89
92
16486
103
104
16488
105
106
107
16491
16492
16493
110
114
115
16500
16502
16503
16504
121
16505
16507
16508
16509
128
16513
133
16517
135
16520
137
16521
16522
139
140
16527
144
148
150
16534
16535
16542
162
164
165
16550
166
16551
168
171
172
16558
16559
16560
16561
16565
182
16575
16577
16583
200
202
16595
215
16602
220
224
227
231
237
240
16624
241
16626
16631
16650
266
16651
16652
268
269
272
273
16658
16659
16667
16673
16679
16684
16685
16687
306
16691
308
309
311
16695
314
16699
16701
16703
16704
16709
16710
16713
16714
331
16716
332
335
336
340
16728
16730
353
358
360
16744
361
16745
16747
16748
16749
371
372
373
16760
16762
378
16764
16766
384
385
16770
16771
16772
389
390
16776
398
402
16786
403
16790
16794
410
16797
16803
424
16809
16810
16811
16813
16815
16816
16817
16818
436
16821
437
16822
16824
16827
16828
447
448
449
16843
461
463
16851
467
468
469
471
16858
480
16868
485
16870
486
488
489
490
491
492
16878
16880
16882
499
16883
500
16885
501
16888
509
16897
513
514
16899
515
516
517
519
520
521
16905
524
16908
16912
16913
530
16914
533
534
536
537
538
16927
544
16928
546
558
560
16946
16947
566
572
16957
575
16960
577
16963
16964
16966
16968
584
16970
16971
16972
589
592
16977
16983
605
607
616
17000
17001
17006
17008
17009
17012
17014
632
17016
17017
17020
17028
644
17029
647
651
652
17041
17042
667
681
685
17074
17076
17081
17083
17085
17086
17087
703
17088
17089
17090
711
17095
715
716
718
719
721
17107
17108
730
17115
17118
17120
17121
17122
739
17125
745
17130
746
756
17150
17151
17158
17162
17163
17164
17169
786
788
17172
790
793
17177
795
17180
797
17183
801
17185
802
804
17189
17198
17201
821
825
826
17211
827
828
829
832
833
17220
17221
839
841
17226
843
845
847
848
849
850
851
853
17239
859
17249
865
17250
869
17254
871
17257
877
880
17267
884
17269
17270
17273
17274
892
17276
17278
895
17280
17282
899
902
17288
904
907
17303
17304
920
17312
17314
933
17318
943
948
17334
955
17341
960
962
17351
970
17357
17367
988
994
17379
995
996
17382
998
999
1001
17385
1003
17391
1009
1014
1017
1019
17403
17406
17408
1029
17414
1031
17423
1046
1053
17437
1058
1060
17446
17455
1074
1075
1077
17463
1086
17474
17476
17478
17481
17488
1107
17494
1111
17497
1115
1117
17501
1121
17507
1124
1126
1128
1130
1131
1133
17521
17524
1142
1145
1147
17531
1152
17537
17538
1155
17543
1165
1166
17550
17551
17552
17553
1169
1171
1172
1174
1175
17560
1177
17563
1179
1181
1182
1186
17576
1194
17581
1200
1204
1205
1206
1207
1212
17598
1218
1219
1221
1222
1227
17614
17619
1236
17621
1238
17622
1239
1240
1243
17628
1247
1248
1254
17641
1258
1261
1264
17650
17658
1276
1277
17665
1282
1283
1284
1285
17670
1289
1292
1297
1302
1303
17688
1305
1306
17697
1317
1318
1319
1320
1321
17707
1324
1326
17711
17718
17721
1337
1341
17726
17727
17728
17729
1349
17734
17735
17736
17737
17738
1358
17744
1363
1368
17755
1373
17763
1380
1383
17770
1388
1389
1407
17794
1413
17797
1415
1418
1419
1421
1423
1425
17810
1427
17812
17814
1432
1436
1440
1441
1443
17828
1444
17830
17831
17834
1450
1453
1454
17841
1459
1461
1469
1470
1480
17866
17869
17870
17872
17877
1494
17879
1495
17894
1518
17911
17912
17913
1529
17916
17918
17919
1536
1537
17921
1538
17922
17923
17924
1541
17925
1543
17927
1545
1547
17938
17940
1557
17944
17945
1563
17948
1565
1567
1568
17954
1571
1574
1580
1588
1591
17976
1593
17978
17982
1598
1605
1610
17995
1611
1612
1613
18001
1617
1622
1623
18008
18009
18011
18012
18013
1630
1635
18030
18032
18033
18038
18039
18040
18046
18047
1674
18061
1677
18062
1680
1681
18066
1684
18070
1686
1690
18075
18076
18089
18091
1713
18097
1714
1719
1720
18104
18105
18106
18107
18108
1727
18114
1731
1735
1740
1743
1746
18133
18134
1753
1758
1759
1762
1769
18155
1776
18165
1781
18166
1782
18167
18169
18171
1788
1793
1796
18184
18186
1806
1807
18191
1809
1810
1812
1816
1820
1824
1827
18213
18214
1832
1835
1844
1859
18245
18246
18249
1866
1867
1868
1870
1871
1872
18256
1874
1875
1880
1881
1886
1888
1891
1892
1893
1896
1898
18284
1901
1902
1904
1908
1916
1917
1922
18307
1925
1926
18311
1932
1933
1934
1935
1936
1938
18324
18326
18327
18331
1950
1954
18339
18340
18342
1959
1962
18348
1966
1967
18351
1969
1970
18355
1971
1972
18357
18358
18361
18363
18364
18365
18366
18371
1989
18373
1991
18376
1995
1999
2004
2005
2007
2014
18411
2027
2028
18417
18420
18421
18422
18424
18425
2043
2044
18428
18430
2048
18432
18433
2052
18436
18437
18439
18457
18458
2075
18463
18464
2089
18474
2091
18475
2093
18478
18480
18481
18482
2100
18484
18485
18486
18487
2103
18488
18489
18490
18491
18492
2110
2113
2114
18500
18501
18502
18503
18504
18505
18506
18507
18508
18509
18510
2134
2135
18519
18520
18521
18523
2140
2141
18528
2145
18530
2147
18536
18540
18541
18542
18543
18544
18546
18547
18548
18549
2167
18553
18555
18556
18557
18558
18559
18561
2178
2181
18565
2184
2185
2186
2187
18572
2190
2191
2194
2197
2199
2207
2210
2214
18601
18602
18603
18604
18605
18606
2222
18607
18608
18609
18610
18611
18612
18614
18615
2233
18617
2234
18621
18622
18623
18624
18626
18627
18628
18630
18633
2249
2250
18636
18644
18648
18651
18652
2269
18654
18655
18658
18659
18660
18661
18662
18664
18665
2281
18667
18668
18670
18671
18672
18673
18676
18679
18681
18682
18686
2304
2308
18692
18695
2313
2318
18704
2335
2337
2338
2339
2340
2341
18725
2342
2343
18728
2348
18732
18733
18734
18735
2352
2353
18739
2357
2362
18747
18749
18750
2366
18751
2368
2370
2371
18755
18757
18758
18759
2376
2380
18764
2383
2385
2387
2388
2389
2390
2391
2392
2395
2396
2397
2398
2399
2400
2404
18789
18790
18792
18796
2414
18798
2415
2417
18804
18806
2422
2426
2428
18813
18815
18816
18817
18818
2435
18819
18820
2436
18821
18823
18824
2441
18825
18826
18827
18828
18829
18831
2448
18832
18833
18836
2457
18842
2459
2460
18848
2465
18850
18851
18852
18853
2475
2478
2479
18863
2483
2486
2487
2491
2496
18880
2500
2503
18888
18893
18896
18897
18898
18902
18904
2522
2525
18912
2528
18917
18918
18920
2539
2540
2542
2544
18936
2556
2558
2560
2562
2563
2566
2571
2576
2577
2585
18970
2587
18972
2588
2589
18973
2590
18974
18976
2594
2595
2596
2602
2604
2605
2607
2610
2611
2614
18998
2616
2617
2619
19004
19005
19006
2623
2624
19012
19013
2629
19014
2631
19016
2633
19017
19019
2635
19020
2637
19021
19022
19023
2640
19027
19029
19031
19032
2648
2649
19034
19036
2653
19038
19039
19041
2661
19048
19049
2669
2672
2676
2677
2678
2679
19063
19072
2689
2691
19075
2692
19076
2693
2694
19078
19080
2696
19081
2698
19086
19088
2706
2707
2710
2711
19096
2714
2715
19100
2716
2717
2718
2720
19108
19111
2729
19113
19116
19117
19119
19124
19127
19129
19131
19134
19136
19141
19150
2767
2768
19156
19162
19166
2784
19169
2788
19172
19173
19174
19175
2799
2800
2804
19190
2815
19200
2817
2820
19204
19205
2823
19209
19210
2826
2827
2828
2829
2831
19221
2837
2839
19226
2848
2849
2856
19255
2871
2876
2882
19268
2884
19273
19283
2900
19285
19289
2905
19290
19292
19293
19294
19295
19296
19297
19299
19300
19301
19302
19303
19304
2921
19305
19308
19309
19311
19312
19313
19314
19315
19316
19321
19324
19325
19331
19333
19334
19341
19342
19345
19347
19350
19352
19355
19362
19363
19364
19366
19369
19370
19376
19382
19391
19396
3028
19415
19416
19417
19418
19419
19420
19424
19427
19431
3049
3065
19451
19452
19464
19474
3094
19484
3103
19487
3107
19494
19495
19496
19497
3113
3114
19500
19501
3117
19503
19504
19505
19506
3123
3125
19509
3128
19513
3129
3132
19516
19517
19518
3134
19520
19521
3139
3140
3141
3144
19529
19530
3148
3150
19538
3154
19539
3157
3158
3159
3162
3163
19548
3168
3170
3172
3173
3175
3177
3178
3179
19563
3180
3183
3184
3185
19571
3189
3192
19578
3194
3195
19580
3196
19581
3199
3200
19586
3205
3209
19593
19594
19599
3223
19608
3225
3226
3237
3244
3250
3251
3254
3256
3258
3259
19651
19652
19653
19654
3270
3272
3280
3284
19668
3285
19669
19670
3286
3287
19672
19674
3291
19675
19676
3294
19678
3295
19679
3296
19680
19682
19683
19684
19685
19686
19687
3304
3308
3310
3313
3314
3317
19701
3318
3319
3322
19707
3325
19710
19711
19713
19714
19715
19716
19717
19718
19720
3339
3342
19727
3344
19728
19730
3346
19732
3351
3352
3353
3354
3358
19752
3376
19761
3380
3381
3385
3386
19772
3390
3391
3392
3399
19789
3412
19803
19804
3431
3434
3437
3439
19825
19826
3443
3444
3445
3446
19832
19840
3458
3460
3463
3464
19848
19852
19858
3474
3478
3480
3481
3483
3484
3485
3488
19873
19875
19876
19877
3494
19887
3504
3507
3508
3509
19894
19899
19900
19901
3520
3530
3531
19920
19925
19929
3547
19934
3551
19935
3552
19936
3553
3557
19948
19949
19950
3570
3572
3578
3579
3586
19972
3594
3598
20001
20004
3623
20007
3627
20012
3628
3629
20021
3638
20022
3639
3645
20031
20033
20034
20036
20037
3653
3654
20039
20042
20043
20044
3662
20047
20050
20053
3672
3681
3682
20067
3684
20072
20073
20074
20076
20080
3698
20082
3699
20084
3700
20086
3703
20088
20090
3707
20094
20096
20098
3714
20100
3718
20102
20103
20104
20105
20110
3727
20114
20116
3732
3733
3735
3737
3738
20123
20125
20126
20127
3744
20129
3746
3747
20133
20135
3752
20136
20138
3759
3760
20147
20149
3765
3766
20151
20153
3770
3773
3777
20161
20163
3780
3781
20167
20169
20173
20175
20177
3796
3799
20186
20188
3810
20199
3818
20202
3822
3825
20210
3829
20214
3831
20220
20227
3843
3845
3853
20240
20246
3864
3866
3867
20252
3872
3873
20259
3878
3881
3884
20271
20282
20284
20285
3901
3905
3906
3907
20292
3909
20294
20295
3913
20298
20302
3930
20317
20323
20324
20325
20326
20336
20337
3955
3962
20347
3964
20349
3965
20351
3968
20352
3970
3971
3972
20357
3974
3975
3976
3977
3978
20362
3980
3982
3983
20367
3986
20371
3991
20376
3992
3993
3994
3996
20386
4003
20388
4004
20389
4005
20394
4012
20397
4013
4014
20399
4015
4018
4019
20403
20404
4021
4022
4023
4031
20416
4033
4039
4041
4045
20432
20436
4053
4055
20441
20442
4059
20444
4061
4062
4065
20451
4067
4068
4069
4070
20454
4071
4072
20458
4076
4080
20465
4083
20468
20473
20475
20477
4095
20482
20485
20486
4105
20490
4109
20495
4112
4113
4114
4115
4118
20505
4122
4125
20513
4133
4135
4136
20523
4140
20525
4144
20530
4148
4149
4150
4151
4152
20536
4153
20537
20539
4156
4159
4160
4164
20555
20558
4183
20567
4190
20580
20592
4211
4214
4215
20601
4220
20604
4228
4236
4239
4245
20629
4248
4249
4250
20637
4254
4258
4259
20644
20654
4271
4275
4277
20661
4278
4280
4283
20669
20670
4287
4288
4290
4291
4292
4296
20681
20683
4299
4300
20685
20686
4302
4304
4306
20690
4308
20694
20697
20698
4314
4321
4322
4323
4324
4327
4329
4334
20719
20721
4338
4339
20725
4341
4342
4343
20727
20729
4348
20738
20740
20742
4359
20744
4361
20755
4375
20760
4377
20762
20763
20764
4383
4384
4385
4387
4389
4392
20778
20783
20784
20786
4406
20791
20797
20801
4418
4422
4424
4425
20809
4427
4428
20817
20818
4435
4436
20823
4441
20826
4442
4444
20828
4446
4448
4450
20836
20837
4454
20840
4458
20843
20845
20847
4464
20849
4465
4468
4469
4472
20857
4475
4478
4483
4485
20871
20876
4494
4497
4499
4500
20890
4508
20899
4517
4519
4520
4523
4528
4529
4532
4533
4536
20922
20923
4541
20927
4544
4545
20931
4547
4548
20933
20939
4559
20945
20951
4567
4569
20953
4570
20955
20957
4575
4581
20965
4582
20969
4586
4588
4592
4594
20979
20985
4601
20986
4604
20988
4607
4615
21003
4619
21006
21008
21016
21026
21027
21028
4648
4652
21036
4653
4655
21039
21040
21041
21048
4664
4665
4668
21054
4671
4676
4680
4682
4685
21070
4688
4690
4693
4694
4695
4696
4699
4701
4702
4704
4706
21093
4712
4721
4723
21112
21115
21118
4735
4739
4741
4743
4745
4746
4747
21140
4757
21141
4759
21145
21148
21149
21150
21151
21159
21161
4779
4781
4782
4784
21173
4789
4791
4792
21181
4801
21188
21189
21191
21192
4808
21193
4809
4810
21195
4811
4812
21197
4813
4814
21198
21199
4815
4816
4817
4818
21202
4821
21205
4822
4823
4824
21210
4827
21211
21214
4834
21219
4836
21221
4841
21226
21227
4843
4844
4849
21236
21246
4867
21254
4871
4876
21261
21262
21264
4885
4889
21279
21282
4902
4904
21290
21292
4909
21294
4915
4917
4918
21302
4920
4923
21310
4935
4938
21328
4948
21332
4950
4951
4953
4954
4955
4956
21340
4962
4964
21349
4968
4975
21361
21364
4980
4982
21373
4989
4990
4991
21377
4996
5000
21384
21389
5005
21394
21395
5019
21404
5022
5023
5024
5025
21409
5026
5027
5028
21413
5029
5030
21414
5031
5032
5033
5034
5035
5036
5037
21422
21423
5039
21424
5041
5042
21426
5043
5044
5045
5048
21432
5051
21438
21440
5056
21442
21443
5061
21445
5064
21450
5068
5069
5073
21457
5080
21464
21471
5087
5094
21478
21479
21480
21481
21482
5101
21485
21488
21491
5108
21492
21494
21498
5115
21500
5122
5129
5136
21524
5143
21528
21531
5150
21536
21537
21539
5155
21541
21542
5160
21545
21548
21549
5165
5170
21555
5175
21561
5180
5185
5190
5195
5198
5201
5204
5207
21593
5210
5215
5224
5226
5227
5228
5233
5238
5250
5258
21643
5259
5261
5264
21651
5270
5273
21657
21660
5276
5278
21663
21664
5283
5286
5288
5289
21673
21674
5292
5293
21677
21679
5295
5296
21680
5297
5298
21683
21684
5301
21687
21688
5312
21699
21701
21702
5318
21703
5321
5322
21706
21710
21711
5330
5341
5346
5348
5350
21737
5355
21747
5372
5373
5381
5382
5391
5393
5396
21785
21787
5406
21792
5410
21795
21797
21798
5415
5416
5420
5421
5422
5423
5424
21808
5425
5427
5428
5431
5433
5434
21821
5437
5439
5441
21829
5452
21840
21842
5459
5460
5463
5464
5465
21850
5469
21858
21859
5478
5479
5481
5483
5484
5489
5493
21877
5497
5501
21888
21890
5507
5511
21895
21897
21898
21900
21902
21903
21904
21905
5522
21913
21914
5530
5532
5534
5536
5540
5547
21935
21936
21937
5553
21938
21940
5557
21941
21945
21946
5569
5570
21954
21960
21961
21962
21967
21968
21969
5586
5587
21971
21972
5589
21979
21981
21982
5598
21983
5599
5601
21985
5603
21987
5605
21989
5607
5609
21993
5611
5615
22001
5618
22003
5621
22008
22009
5625
22010
22011
5627
22019
22024
5642
22028
22029
22030
22031
5648
22033
22034
22035
22037
5654
22043
22045
22046
22048
5664
5667
5668
22053
22056
22058
22059
5676
22061
22062
22064
5681
22066
5685
5687
22071
22077
5695
22082
5700
5703
22087
5704
22089
22091
5709
22104
5726
22110
22115
5740
5745
5747
5748
5758
5763
22148
5765
22149
5768
22154
5777
5780
5782
22169
5785
5787
22172
5791
5792
22176
22181
22182
5802
22190
5806
22192
5811
5823
5824
5825
5826
5827
22213
5830
5835
22219
22220
5837
22221
5839
22223
22224
22226
22228
5845
22230
22232
5848
22236
22238
22239
22241
5866
22254
5872
5875
22261
5879
5881
22265
22267
22271
5888
5890
22275
5896
5898
5899
22284
5901
22289
22296
5918
22303
22307
5924
22309
5925
5932
5933
22317
5934
5935
5936
5939
5940
5946
5947
22331
5948
5949
22333
5952
22337
5955
5964
5968
5969
22355
5974
22360
22361
5978
22366
22367
5985
22370
22371
22373
22374
22380
22387
6006
22396
6013
22397
6015
22405
6022
6025
22409
22410
6028
6032
22418
6036
22424
22426
6044
22430
22432
6048
6050
6051
22442
22447
22449
22451
22452
6068
6070
6071
6073
6074
6076
22461
22462
6079
22465
6083
6093
6094
6098
6104
6107
6116
6117
22502
22504
6121
6123
6124
22509
6125
22510
6127
22513
22514
6132
22516
6136
6141
6142
22526
6144
6145
22530
6147
22531
22533
22538
22541
22542
6158
6159
22543
6165
22549
6166
22552
22555
22558
6176
6179
22564
22566
22567
6186
6187
22571
6191
22577
6194
22578
22581
6198
22589
6206
22594
22603
22606
6225
22613
22614
6236
22620
22623
6241
6243
22633
22634
22636
6252
22638
6255
22640
22641
22646
22649
6270
6272
22657
22660
6277
22663
6281
22666
22667
6285
22672
22681
6302
22687
6303
6305
22690
22691
22692
22693
6310
22694
22695
6311
6312
22697
6315
6317
6318
6319
22704
22710
6326
6329
22713
6330
22715
22716
6337
6338
6340
22725
6344
22731
22732
22737
6354
22739
22741
6359
22744
6361
22745
6363
6364
6366
22756
6373
22760
6377
6383
22769
6385
6389
22774
6390
6391
22775
22777
22782
22790
22792
22797
6416
6417
6418
22810
6426
6430
6431
6432
22818
6435
22823
22825
22828
6445
6448
22834
6452
22836
22838
22853
6476
6478
6481
6484
6490
6494
22878
6498
22883
6499
6502
22888
22891
22894
6515
22900
6516
6518
6538
22925
6545
6547
6550
6554
6557
6561
6562
6565
6569
22953
22955
6573
6574
6580
6581
6590
6592
6599
6601
6609
22994
6618
6626
6628
6633
6639
6645
6653
6654
6655
6657
6659
6666
6674
6691
6702
6704
6707
6710
6717
6719
6720
6722
6724
6727
6729
6730
6732
6734
6737
6739
6741
6743
6744
6747
6749
6751
6753
6755
6757
23144
23146
6767
6768
6770
23155
6771
6773
6775
6779
23163
6780
6782
23166
6784
6786
6787
6791
6793
6794
23179
6796
6798
6800
6803
6807
6809
6811
6812
6814
6815
23200
6817
23204
6820
6822
6824
23209
6826
6827
23211
23212
6829
6831
6833
6834
6837
6839
6840
6842
6843
6847
6849
6851
6852
6854
6856
6857
6859
6868
6870
6871
6873
6875
6877
6879
6881
23267
6885
6888
6890
6892
6894
6896
6898
6900
6903
6905
23297
23300
6920
6921
6922
6923
6924
6925
6929
6932
6945
6950
6951
6958
6959
6962
6964
6965
6966
6967
6969
6976
23363
6980
6982
6987
6990
23386
23391
23393
7024
7025
7026
7027
7031
7034
7038
7039
23430
23431
7048
23433
23440
23447
23448
7066
7070
23456
7075
7076
7078
23464
7080
7081
7082
23469
7085
7086
7090
7092
23476
7093
7094
7097
23483
7099
23493
23494
23496
23498
7114
7115
7116
23501
23503
7122
7123
7124
7129
23518
7137
23522
23523
7141
7144
23528
23529
7147
7154
7155
7156
7161
23547
7164
23549
23554
7170
7172
23561
7177
7181
7182
7185
7188
7190
23576
7195
23595
23596
23598
7215
23607
7223
23611
7227
23613
7232
7233
7237
23632
7250
7255
7260
7262
7263
7264
7265
7267
7269
7276
7281
7284
7285
7288
7292
7305
7312
7313
23697
23698
23700
7319
23703
23704
23705
23710
23711
23712
23714
23715
23716
23727
23728
7352
7354
23739
7357
7362
7363
7364
23748
7365
7366
7368
7369
23753
23754
7370
7372
7373
23759
23763
23765
7384
23769
7385
23770
23771
23772
23773
7390
23774
23776
7395
23781
7398
7399
7401
23786
23790
7411
7412
23811
7430
23818
23821
7439
7440
23826
7444
7445
23838
7458
7462
7464
23848
23849
23850
7466
7469
23853
23857
7474
7479
23866
7484
7489
23874
7492
23880
7496
7497
7500
7501
23890
23891
7515
7516
7520
7524
7533
7536
23924
7542
7545
23929
7548
7549
7550
23939
7555
7557
7559
23949
7573
23961
23962
7584
23968
23972
23978
7596
7597
7600
7602
23987
7603
7604
7605
7606
23990
23991
7611
23997
7619
24004
24005
24011
7628
7641
7653
7658
7664
7669
24067
24068
7687
7698
7709
24098
7717
24102
24103
24104
7721
24115
24123
24126
7751
7752
24136
7753
7761
7772
7775
7789
24174
7790
7794
7799
7802
7803
24188
7805
24192
24195
7816
7818
7820
24205
24211
24212
24218
24222
24224
24227
24228
7846
7848
24234
24237
24240
7856
7857
24246
24249
24251
24254
24257
7875
7876
24261
7878
7882
7887
7889
7891
7899
7900
7902
7904
7912
7916
7924
24309
24310
7926
24312
24313
7930
7932
7936
24324
24331
7951
24336
7953
24338
7958
7969
24358
7978
24365
24367
7984
24368
24369
24370
7994
24380
24382
8002
8003
8005
24390
24392
24396
24399
24400
24401
24402
24403
24404
8030
8035
24423
24424
24425
24427
8044
8045
24429
8046
24431
24436
8052
24437
24438
24439
8055
24440
24445
8061
24446
8064
8066
24455
24457
24459
8077
24467
8085
24470
8088
24472
8089
24473
24474
24483
24484
8105
24493
8113
24499
24504
8120
8121
8122
8126
24511
8129
24513
24522
8142
8143
8146
8147
8152
8154
24539
24540
8159
24550
24551
8167
24552
24553
8172
8177
24561
24563
24565
24567
8184
24568
8185
24571
8189
24573
24574
24584
24585
24586
8203
24587
8204
24589
24590
24591
24592
24594
24595
24596
24597
24598
24599
24602
8241
8242
24630
8248
8253
8254
8263
24648
8267
24662
8280
24668
24669
24671
24676
24677
24678
8296
24682
8305
8316
8317
8318
8320
8323
8326
24710
8327
8328
8329
8332
24720
8342
8348
24737
8357
8365
24753
8370
8377
8378
8385
8392
8401
24786
24787
24788
24789
24791
24792
8413
24797
24801
24803
8419
24805
8422
24807
24808
8425
8426
8427
24812
24814
8430
8433
24819
8436
8438
8441
24826
24827
24828
24829
24831
24832
24833
24834
8454
8456
8457
8461
8463
8468
24856
8472
24859
8475
8481
8482
24871
8488
24872
8490
24874
24875
24876
24877
8495
24879
24880
24881
24882
8498
8499
24884
8500
24886
24887
8513
24902
8520
24905
8522
24917
24919
24920
24924
24934
8550
24935
8552
24938
24939
24940
24941
8557
8562
24947
8566
24951
8575
8578
8580
8590
8591
8596
8607
8608
25000
25001
25002
25005
25014
8631
25015
25023
8641
8642
8643
8648
25032
8649
8650
8653
25040
25053
25056
8673
8674
8676
25061
8678
8682
8684
8685
8686
8690
8696
8706
8709
25105
25107
25110
25111
25112
8730
25116
8733
25119
25120
8738
8742
8744
25131
25133
25140
25143
8762
8764
8765
8766
8767
25160
8782
25172
25178
25182
8801
8802
8803
25187
8804
25190
8806
8807
8808
25193
25196
8819
25203
25212
25213
8838
8840
8842
25232
25236
8856
25244
8861
8864
8865
8867
25253
25259
8876
8878
8879
25264
8880
25266
25268
25269
8887
25278
25281
8898
25285
25292
8910
8911
25295
8912
8914
25300
8916
25301
25302
8920
8923
25317
25318
25319
25320
25321
25344
8968
25356
25357
25358
25359
8980
8991
8997
9000
9001
9015
25404
9021
9024
25413
9029
25415
25418
9037
9040
9050
9051
25437
9057
9059
9061
9070
9074
9081
25467
9083
25468
9084
9085
9087
25475
25484
25486
9103
9108
9109
25494
9112
9117
9127
9128
9130
25516
25517
25520
25521
25523
25526
25528
25531
25532
9150
9152
9153
25539
25544
9160
25545
25549
9166
9175
25565
9181
9182
25567
25570
9186
9187
25571
9190
9191
9192
9193
9195
25579
9196
9197
9199
9200
25585
9201
9202
25587
25589
9205
9207
9208
25593
25594
9214
25603
9228
9231
25615
9234
9237
9240
25626
25632
9252
9253
9254
9255
25647
9264
9266
9268
25653
9278
9280
25667
25674
25675
9292
9298
9299
9304
25692
25694
9310
25697
25698
9316
9317
25708
25709
25712
9339
25723
25728
9345
9347
25737
9357
25742
25743
9362
9364
9365
25754
25765
9387
9388
25774
25776
25781
9401
25786
9407
25793
9422
9423
25810
25812
9429
9437
9438
9441
9442
9443
9444
25829
9445
9446
9447
9448
9449
9451
9453
9462
25847
9463
9465
25850
25854
25858
9475
25860
25864
9481
25870
9487
25873
9490
25879
9495
9500
9503
25888
9506
25892
25899
9524
25910
25911
25912
25913
25914
25915
9531
25916
9533
25918
25919
9536
25923
9540
9544
25932
9548
9552
25937
9556
9560
25944
25948
9564
25950
9568
9572
9576
25961
25964
9584
25971
9588
25972
25975
9592
25979
9596
25981
9597
25983
25987
9604
9607
9610
9611
25998
26002
9622
9624
9628
26012
26015
9632
9636
26022
9640
9641
26029
9647
9650
9653
26038
9656
26042
9659
9662
26048
9666
26051
26059
26061
9681
26065
26067
9684
26068
26069
9687
9690
9693
9700
26084
26087
9704
9706
9708
9710
26094
26095
9712
26097
26098
9714
9716
9718
26103
9720
9722
9724
9726
26112
9728
9730
26114
26116
9732
9734
9736
9738
26123
9740
9742
9744
9746
9748
26132
9750
9752
9754
9756
9758
9760
26145
9762
9763
26148
9765
9766
26150
9768
9770
9772
9773
9774
9776
9778
9779
9780
26164
9781
9783
9784
9786
26171
9787
9788
26173
9789
9791
9792
9794
9795
9796
9797
26182
9799
9800
9801
9802
9803
26189
9805
9806
9808
9809
26193
9810
9812
9814
9815
9816
26201
9817
9818
9819
9821
26206
9823
9824
9826
9827
26212
9829
9830
9832
9833
9835
9837
9838
9839
9841
9843
9844
9845
9846
26230
9847
9848
9849
26234
9851
9852
26236
9853
9854
9855
9856
9858
9859
9860
9862
9863
9864
9865
9866
26250
9867
9868
9869
26255
9871
9872
9873
9874
26259
9875
9876
9877
9879
9881
26266
26267
9883
9885
9887
9888
9890
26274
9891
9892
9893
9894
9895
9896
26281
9898
9899
9900
9901
26286
9903
9905
9906
26291
9907
9909
9910
9912
26296
26298
9914
9915
26299
9916
9917
9919
26306
9923
26308
9925
9927
9928
9929
9930
9931
9932
9934
9935
9936
9937
26321
9938
9939
9940
9942
9943
9944
9945
9947
9948
9949
9950
9951
9952
26336
9953
9954
9955
26339
9956
26341
9958
9959
26343
9961
9963
9964
9965
9967
9968
9969
9970
9972
9973
9974
26358
9976
9978
9980
9981
9982
9983
26368
26369
9985
9987
9989
9990
9992
9993
9994
9995
9997
9999
10001
10002
10003
10004
26389
10005
10007
10009
10010
26394
10012
26398
10014
10016
10018
26403
10020
10021
10022
10023
10024
26409
10026
10028
10029
10030
10032
10034
26420
10036
10037
26422
10039
10041
10043
10044
26429
26430
10046
10047
10048
26432
10050
10051
10053
10054
10055
10057
10058
10059
10061
26446
10062
10063
10065
10066
26454
10072
10074
10075
26461
26462
10078
10083
26467
26472
10088
10089
26481
26497
26507
26508
26515
26524
26526
10159
10160
26549
26558
26559
26561
26562
10182
10185
10186
10187
26588
26592
26600
26601
26602
26603
26609
26610
26616
26617
26636
26643
26663
10288
26672
26674
26678
10297
26681
10299
10300
10301
10303
10304
10305
26689
10306
26693
10309
10314
26701
10320
10330
10335
10339
10342
10344
26735
10355
10362
10363
26749
26753
10370
10376
26761
26762
26763
10381
26766
26772
10389
26775
10393
10394
10396
26780
10397
26782
26783
10399
26785
10402
26787
26791
10407
26797
26798
26800
10417
26803
10420
10421
10422
10433
10440
26825
10443
10451
10453
26839
10455
10456
10462
10463
26847
10464
10465
26849
10468
26853
10470
10477
10482
10486
26870
26871
10487
10489
10493
10496
26880
10497
10498
26883
26885
10502
10503
26888
10505
26889
26890
10507
26892
26894
10511
10516
26902
26903
26904
26906
10523
10528
10530
26914
10539
26924
26925
26927
10547
26934
26935
26936
10552
26937
10553
26938
10557
26942
10560
10561
10563
26950
10566
10567
10568
10569
10578
26963
10579
26965
10583
10586
10587
26971
10591
26976
26983
10601
10603
10605
10606
10608
10610
10612
26997
10617
27002
10619
27005
27006
10623
10626
10631
27015
10634
10637
27033
10650
27034
10657
27047
27050
10668
27055
10674
10675
27062
27064
10683
27068
27070
10687
27074
10691
10692
27077
10695
27080
10698
10703
27097
27100
10719
10724
10725
27112
10734
10738
10739
10740
10743
10745
27131
10748
27133
27139
10757
10758
10761
10762
10763
10764
27158
27159
27164
10788
10789
27177
27180
27187
10804
27188
10806
10810
27194
10813
10815
27199
27201
10818
27203
10820
10822
27208
27209
10825
27210
10834
27224
27229
10845
10848
10853
10856
10858
27258
27259
27263
27277
27285
27288
10904
10905
27293
10910
27295
10911
10913
27300
27301
10918
27302
10919
27305
27307
10924
27309
27311
27313
10929
10934
10936
10938
27324
27327
10946
10949
10951
27337
27338
27339
10955
10956
27341
27342
10958
27343
10961
10963
10966
27352
10971
10973
10974
27358
10978
27363
10981
27368
10985
10988
10989
10990
27374
27375
10991
27377
27379
10996
27381
11000
11002
11003
11009
11010
27394
27396
11012
27397
11013
11016
11019
11020
11026
27412
11032
27417
11034
11035
11037
11039
11042
11058
11061
27446
11062
11063
11064
11066
11074
27458
27460
11077
27462
11078
11080
11083
27473
11090
11091
27475
27477
11093
11094
27481
27485
11101
11103
11107
27492
11109
27494
27495
11111
27499
11117
27507
11125
11127
27514
27515
11132
11136
11140
27527
11144
27530
11148
11150
27543
11166
27551
11170
11171
11172
11174
11179
11180
11181
27565
27566
27567
27570
11188
27572
11196
27580
11201
11208
11209
11213
11216
11223
11224
11227
11237
11238
11239
27626
11243
27629
11250
11251
11252
11253
11255
11262
27654
11273
11279
11285
11287
11288
11290
11292
11295
27680
11297
11300
27684
11303
27696
27701
11319
11320
11326
11329
27713
27716
27719
11336
11337
11338
11339
11342
11344
11346
27731
27734
27738
27739
11358
27745
27746
11366
11367
11368
11375
11377
11381
27766
11383
11385
27775
27776
11392
27780
11396
27781
11397
27782
11399
27783
11400
11401
27785
11410
27796
27799
11416
27800
11418
27802
11420
11423
27814
11431
11442
27826
11451
11459
11461
27847
27848
27849
27850
27851
27854
11480
27867
27871
27873
27875
11491
27877
11495
27879
11498
11501
27889
11521
27908
27909
11530
27915
27919
27925
11544
11545
27929
27953
11572
27957
27958
27959
11579
27963
27965
27970
27971
27986
11611
11612
11614
11615
28004
11621
28012
11630
11640
11642
11645
11646
28034
11651
11653
11655
11656
28041
28042
11658
28043
28044
11661
11663
28048
11664
28051
11669
11670
11671
28057
11675
28063
11679
11684
11692
11698
11700
28086
28088
28090
28091
28092
11708
11715
28104
28105
11723
28114
11730
11744
11746
28131
11747
11748
11750
11752
11753
11754
28139
11757
28143
11769
11772
28157
28160
11777
28161
28162
11780
28167
28168
28172
11793
11795
28179
11796
28180
28182
28183
28184
28185
28186
28188
11804
28189
28190
28191
11812
28196
11813
28197
28200
11816
11817
28207
28208
28211
11830
28214
11833
11836
11837
11840
28227
28229
28230
28231
11853
28253
28255
11873
11880
11882
28270
11888
11889
11890
28277
11895
28284
28287
11908
11913
11915
11918
11919
11920
11921
11922
11924
28308
28310
11929
28314
11930
11932
28318
11935
11936
11937
28323
11940
11944
28332
11949
11951
28340
28341
11957
11958
11960
28346
11963
11964
11965
28351
11968
11974
28360
28363
28364
11980
28368
28372
28373
11989
11990
11992
11995
12002
28388
28390
12008
28394
12011
12014
12016
12022
12023
28408
12024
12026
12029
12030
12032
28418
12036
28422
12038
28424
28425
12041
12042
28429
28435
28436
28437
12057
28442
28444
12062
28447
28449
12066
28451
28452
12070
12072
28456
12073
28459
28460
12079
28463
28465
28466
12085
12086
12088
28475
28476
12096
12103
28488
12108
28495
28499
28500
12122
28511
12133
12138
28523
28529
12146
12147
28533
12149
12153
12154
12155
12158
28542
12161
12162
28547
12164
28549
12165
12166
28550
12168
12171
12173
28558
12180
28565
12184
28571
28573
28577
12195
28580
12217
28602
28604
12221
28606
12224
12230
12235
12238
12240
28625
12246
12252
28641
12260
28649
12265
12266
28651
12267
28654
28656
28658
12274
28659
28661
28665
12283
28669
12286
28672
12290
12292
28676
12293
12294
12296
12298
28683
12299
12300
28693
12311
28697
12314
28699
12321
28709
12326
28713
12331
28715
12342
12344
28728
12351
28738
12355
28739
28740
12356
28744
28746
12364
12366
28750
28752
12371
12373
28758
28762
28765
12382
12383
28768
12384
12385
12387
12397
28785
12403
28789
12408
12412
28796
28797
28799
28800
28802
28803
28804
12420
12422
12423
12425
12427
12429
12432
12435
28824
28831
28834
12452
28836
28841
12461
28848
12474
12477
28866
28869
12486
12489
12495
12497
28886
28890
12507
28900
28906
28908
28909
12527
28914
12535
12538
28925
28927
28929
12552
28937
12557
12562
12564
28951
12569
12574
28961
28962
28963
12580
28970
12586
28971
28975
12594
12597
28984
12600
12602
28989
28992
12609
12610
12611
28996
12612
12615
29002
12619
29003
12624
12626
29021
29032
12648
29040
29042
29043
29045
29047
29048
12666
29054
29057
12686
12689
12691
12694
12700
12701
12703
12706
12707
12712
12713
12724
12734
12735
12736
12738
12742
12744
12752
12769
12770
12780
29170
29173
29181
12802
12810
12813
12816
29203
29207
29208
12824
29209
29210
12827
12830
12833
29225
29229
12852
12855
12856
12857
29241
12858
12860
12862
12867
12868
12870
12871
12872
12874
12889
12891
12892
12897
29282
29293
29295
29296
12916
12918
12923
12924
12925
12926
12935
12941
12945
12946
12947
12948
12951
12967
12971
12972
12975
12992
12997
12999
13001
13004
13006
13007
13008
13017
13026
13028
13029
13032
13036
13038
13044
13046
13067
13069
13078
13083
13087
13088
13089
13093
13096
13098
13102
13109
13112
13115
13131
13136
13139
13147
13153
13154
13155
13157
13159
13167
13170
13172
13176
13177
13182
13188
13189
13199
13200
13215
13217
13220
13229
13231
13234
13238
13239
13241
13242
13243
13245
13246
13249
13260
13266
13269
13270
13271
13273
13274
13281
13290
13294
13295
13301
13307
13309
13313
13315
13317
13325
13333
13341
13348
13376
13387
13388
13396
13402
13408
13409
13415
13417
13418
13430
13431
13434
13436
13442
13445
13449
13451
13453
13454
13455
13456
13459
13467
13470
13480
13481
13488
13492
13494
13500
13504
13505
13506
13508
13511
13515
13520
13524
13537
13543
13549
13554
13564
13565
13571
13577
13589
13630
13636
13638
13639
13668
13669
13672
13685
13713
13725
13730
13733
13734
13743
13756
13765
13781
13788
13791
13797
13798
13800
13802
13804
13806
13812
13816
13827
13828
13830
13833
13837
13846
13853
13856
13859
13873
13877
13881
13884
13898
13905
13907
13916
13923
13929
13949
13952
13960
13967
13973
13975
13987
13989
13992
14005
14006
14010
14011
14023
14030
14032
14040
14044
14046
14048
14049
14054
14056
14062
14067
14071
14072
14075
14078
14091
14093
14095
14097
14111
14120
14129
14132
14134
14137
14139
14153
14157
14159
14162
14165
14173
14180
14182
14191
14194
14207
14213
14217
14221
14226
14228
14250
14254
14260
14262
14265
14268
14273
14275
14277
14278
14286
14287
14307
14313
14320
14324
14325
14328
14329
14330
14333
14343
14344
14348
14349
14351
14354
14355
14356
14358
14360
14367
14370
14379
14388
14394
14396
14398
14404
14411
14419
14433
14434
14435
14436
14437
14439
14445
14446
14448
14449
14457
14467
14472
14481
14508
14526
14531
14547
14548
14559
14569
14577
14584
14588
14591
14596
14597
14600
14602
14603
14604
14610
14614
14616
14618
14622
14624
14626
14635
14638
14639
14642
14643
14649
14656
14660
14665
14666
14667
14669
14672
14674
14676
14677
14679
14680
14681
14685
14686
14694
14696
14701
14702
14714
14725
14727
14737
14738
14739
14743
14752
14755
14759
14760
14761
14762
14773
14778
14787
14789
14790
14794
14795
14814
14815
14818
14820
14823
14824
14825
14829
14833
14837
14841
14846
14847
14848
14849
14877
14885
14886
14887
14890
14891
14893
14899
14906
14907
14909
14917
14922
14925
14928
14933
14935
14936
14938
14939
14944
14947
14951
14956
14963
14965
14966
14967
14970
14978
14980
14982
14985
14989
14997
14998
15008
15010
15015
15018
15029
15037
15063
15066
15113
15117
15120
15127
15134
15136
15137
15139
15141
15143
15150
15156
15161
15177
15183
15184
15185
15189
15200
15204
15205
15206
15208
15210
15219
15220
15222
15230
15236
15247
15248
15249
15252
15256
15266
15271
15272
15273
15274
15275
15296
15303
15313
15314
15316
15317
15323
15324
15325
15326
15329
15332
15333
15334
15336
15337
15338
15339
15340
15341
15342
15343
15344
15347
15348
15352
15354
15357
15382
15385
15387
15389
15391
15392
15393
15394
15395
15397
15402
15409
15416
15419
15424
15425
15431
15432
15434
15445
15449
15451
15456
15458
15459
15460
15467
15476
15477
15478
15479
15480
15481
15497
15513
15515
15517
15519
15531
15551
15553
15556
15560
15568
15573
15575
15578
15583
15586
15590
15592
15597
15612
15623
15628
15635
15648
15649
15650
15664
15686
15690
15697
15703
15706
15708
15722
15737
15742
15752
15754
15760
15761
15762
15763
15765
15766
15767
15768
15772
15774
15776
15777
15778
15779
15780
15786
15794
15798
15799
15800
15807
15808
15810
15811
15813
15817
15819
15821
15822
15823
15828
15830
15831
15836
15837
15843
15845
15848
15854
15855
15861
15863
15864
15882
15898
15899
15912
15913
15914
15924
15928
15933
15934
15936
15939
15940
15942
15947
15963
15972
15974
15993
15999
16001
16004
16006
16008
16009
16011
16013
16017
16027
16030
16031
16032
16037
16038
16039
16046
16049
16051
16055
16057
16071
16078
16084
16085
16087
16089
16090
16094
16097
16099
16104
16108
16115
16117
16119
16124
16129
16131
16138
16156
16160
16178
16186
16190
16191
16201
16217
16232
16233
16234
16243
16248
16250
16253
16262
16287
16291
16293
16296
16307
16309
16311
16317
16328
16329
16357
16377
16380
16382
