0
32769
2
32771
4
7
32776
8
10
12
65549
65548
13
14
15
16
17
32786
65555
65554
65557
20
65556
65559
22
32791
65561
24
25
65560
65563
32795
65562
65565
28
65564
29
30
65567
31
65566
32
65568
34
36
37
32806
65575
39
32808
40
65577
32809
41
65576
42
32810
65579
65578
32811
43
32812
47
32816
65584
65587
32822
54
55
56
57
32827
65594
32828
65596
62
65
32834
65602
32836
65605
32843
32844
32849
65616
32850
85
65620
86
87
88
65625
32856
89
65624
65627
91
65629
65631
65630
32865
32868
102
32870
103
32871
104
65641
65643
65644
109
65649
65648
114
65650
65653
116
118
120
32892
125
65663
127
128
32898
130
65666
32900
65670
141
65679
32911
144
65683
65685
148
65684
150
65688
65690
65692
65695
65694
65697
65696
65699
163
65698
65701
65704
65706
171
173
32943
175
176
32950
183
184
65723
65722
32956
32957
32958
32959
65729
193
32961
65728
65731
65730
32964
65734
200
65736
32970
65738
32973
65743
32974
32975
32976
65745
32978
32979
65749
32980
32981
65751
32982
32983
65750
32984
32985
32986
32987
223
65758
32991
32992
32993
65762
227
32995
65767
32998
33000
65768
33002
33003
65770
33004
33005
65776
65783
33015
33016
249
33020
254
65790
33023
33028
269
270
33038
33039
33040
33044
65813
65812
33046
65814
65823
65824
65830
33067
65843
33077
33079
33080
33081
33082
33083
33084
65853
33085
318
33087
33088
33090
33091
65863
33094
33095
65867
33098
65866
33099
65869
33102
340
33115
348
33117
65891
357
65892
65895
33128
361
33129
65899
363
33132
366
33141
380
33150
65920
33155
397
33167
399
33168
401
402
403
404
406
408
33181
414
415
33185
33189
33193
430
431
435
33206
33207
33208
33209
33210
444
33215
33217
33221
453
33222
455
33224
33229
33232
472
474
475
482
33250
484
485
488
33258
490
33259
33260
33261
33262
33264
33265
33266
33275
33276
33277
33278
512
513
33282
515
33284
33285
33287
521
33289
522
33290
523
33292
33293
33294
33295
33296
33297
33298
33299
33300
33301
33302
33303
33304
33305
33306
33307
33308
33309
33310
66078
543
33311
33312
33313
33314
33315
33316
33317
33318
550
551
33319
33320
552
33321
33322
33323
33324
33326
33327
33329
33330
33331
33332
33333
33344
33345
580
33351
585
586
587
589
33367
66137
33369
33373
606
33376
608
617
619
33388
621
33390
623
624
33393
626
627
33395
629
33397
66167
66166
33399
632
634
33404
637
638
33408
640
33409
33410
644
647
33420
655
662
33431
663
33432
665
33433
33434
666
33435
33442
33444
33449
682
33451
686
33461
33463
33466
33469
702
33473
33481
718
719
720
721
722
723
724
725
726
33506
739
741
33510
742
33511
743
33512
744
33513
33517
33519
33522
33523
33525
33526
33527
760
33529
33530
763
33531
765
33551
66321
66323
66324
33561
66330
33564
66335
66334
66337
66340
66342
33578
66346
66355
33586
66357
33588
33589
33590
33594
33595
66365
66364
66367
66366
33600
66368
33601
66373
33605
837
838
33607
66378
66383
33615
33616
66384
33620
33622
66390
66398
864
865
33634
867
868
66406
33641
873
875
33643
66413
876
33645
33647
66425
33657
891
66431
33664
66434
33680
66449
918
66457
33688
33690
33691
33692
66463
66462
33696
66465
33706
33707
33710
33712
33713
33715
948
33718
951
953
958
33728
961
66499
66503
66505
968
66504
969
970
33738
33739
66510
975
33744
66513
66512
33746
33747
980
982
33750
33752
66525
989
33760
994
1002
33770
1004
66540
33776
1008
33778
1010
33780
33782
33783
1015
66553
66555
1019
66554
1020
1021
66560
66563
33795
33797
33801
1035
1036
66573
1037
33805
33806
1039
1040
33810
1042
66578
66582
33818
66592
33827
33828
66601
1069
1070
66609
1076
66613
1077
33851
66620
66625
33856
66634
33867
1099
1100
33869
1101
1102
1104
1106
66650
33885
33887
33891
33893
66663
66662
66667
1131
1134
33903
1137
66672
1140
66676
33909
1145
1147
33920
1153
1154
33922
33924
66692
66695
1162
1164
66705
1169
33937
66706
33943
33947
1180
33951
1183
66721
1185
33953
33954
1186
33961
1193
33962
66730
33963
1195
1196
1197
33966
33967
66739
1205
1206
66742
33976
1209
66746
66753
33987
66757
1223
66761
66762
1229
1233
1234
34003
66775
1238
66776
1241
66779
66780
66783
66782
66785
34016
66784
66787
34019
34020
66789
66788
66791
34022
34023
66790
66792
34026
66795
66794
34027
1259
1260
66797
1261
66799
1264
66800
1265
66803
34034
66802
1267
66805
66804
66809
66811
66810
66813
66812
34045
66815
66814
66817
66816
34049
66819
66818
66820
34053
66823
66822
66825
66824
66827
66826
66829
1292
66828
1293
1294
66831
1295
66830
66833
1297
1298
66835
34067
1299
66834
1300
66837
1301
66836
66839
66838
66841
66840
1306
66842
34075
66845
66844
1310
66846
34080
1313
34081
34082
66851
1314
1315
66850
34084
66853
1318
66855
66854
66856
66859
1323
66858
34092
1325
1326
34094
66863
34096
1328
1329
1330
34098
34099
34100
34101
34102
1336
34104
34105
34106
34107
34108
66876
1341
34109
66879
1342
1343
34111
34112
66881
1344
34113
1346
1348
34119
66888
66891
1354
1356
34125
1358
66895
66899
1366
1368
1369
34137
1371
66909
1374
66913
66916
34149
34152
34155
66925
34156
34158
34159
1391
66928
34161
34162
34164
34167
1402
34178
1415
66952
34186
34187
34189
34190
66961
1427
66968
34202
34206
1442
1443
1445
66980
34217
66987
66986
66989
34222
34223
66990
66993
1457
66995
66994
66996
34229
34231
34232
67001
67003
67004
67007
67006
67009
34241
34243
67012
34245
34247
67016
34251
34252
34253
67023
1486
67022
1487
34256
1489
34258
34259
67028
34262
1495
67030
34263
34267
34270
67041
34275
1508
1509
34278
34279
34280
67049
34282
34284
34286
34288
34290
67058
34294
34295
34297
34298
34299
1532
67068
34301
34302
34306
67077
67078
34313
67080
34314
34318
1550
34319
34320
67093
34325
34326
34327
1559
67094
1562
34330
67100
34340
34342
34343
1576
1580
67117
67118
34351
1584
34356
67127
34360
67129
67128
34367
34368
34369
34370
1603
34372
67143
34374
34375
34377
34378
34379
34381
34382
34383
1618
34391
34393
34395
1631
67170
34405
1637
34406
34408
34412
1647
67185
1651
67191
34422
67190
67193
67192
67194
1663
1664
34432
34434
34439
1673
34441
67213
34445
1678
67214
1680
34451
1684
34453
34457
67227
1690
67226
67229
1692
34461
1694
67230
67233
34464
34465
1698
34467
34468
34469
67239
34470
34471
34472
34473
34474
67243
34475
34476
34477
67244
34478
1710
34479
34480
34482
67253
34486
67255
34487
1720
34489
34492
34493
34494
34495
34496
34498
34499
34500
34502
67271
67277
34511
34513
34514
67285
67287
67286
34523
1756
1757
34526
1758
34528
34529
67299
34532
34533
1766
67303
67302
67304
34537
34538
34539
34541
67311
67310
34545
67312
34546
34547
67314
67317
34549
34551
34552
34553
34554
34555
34557
34558
1791
34559
67329
1795
34563
1798
67334
1800
1804
34573
34574
67343
34575
1807
34576
34577
1809
1813
1815
1825
34595
1827
34596
1828
34597
34599
34600
34601
1833
34602
67375
34606
34608
34616
1849
34619
1851
1852
1854
34625
1859
67396
67399
1867
34637
34639
1872
34640
34643
34646
67417
34648
34650
34651
67420
34658
34661
34663
34665
67435
34667
34669
67439
67441
34673
34675
1913
1914
34684
1917
34687
1921
1922
34690
67458
34691
67460
1929
1930
1932
34704
1941
34710
1942
34711
1943
34712
34713
1946
67487
1952
34732
1970
67506
1973
34741
34746
1979
1980
34749
1982
34752
1985
34754
34757
1989
34758
1991
34760
1993
34761
34762
34763
34764
34766
2000
2002
34771
2004
2005
34774
2007
34775
34778
2011
34780
2012
2013
34781
34782
2014
34783
2016
34784
34785
34786
34787
2020
34788
34796
2029
34798
2035
2036
2039
34807
2040
2044
2045
2048
2050
34818
34820
34821
34823
34824
34825
2059
2060
34829
2066
2067
67605
67607
2073
34841
34845
2077
2078
2079
67617
34848
67616
2083
67618
2084
34853
2086
2088
34860
34861
67631
67635
67634
34868
67637
67636
2102
34871
34872
34873
34874
34876
34878
67646
34879
34880
67648
34883
67650
34884
2117
34885
34887
34888
34890
67659
34891
34892
34893
34894
2127
34896
34897
34898
34899
34900
34901
2133
34902
34906
34910
34911
34912
34914
34916
67684
2149
67686
34921
34922
67690
2155
2156
34924
2158
34926
34927
67699
67698
34932
67701
34934
67702
2168
2169
67704
34937
34939
67706
67708
2174
34943
67710
2176
2177
34947
67716
34951
2186
67727
34958
2190
34959
2192
34960
67728
2196
67732
2197
2198
2200
34969
34970
2202
2203
2204
2205
67740
67742
67746
34980
2213
2214
34983
2216
34984
34985
2218
2221
2223
2225
67763
67762
2228
67766
34999
35000
35002
2238
2239
2240
35009
67776
2241
67779
35011
2245
35014
2247
2248
2249
2250
2251
67786
2255
35023
2256
2257
35025
35026
2258
2261
2262
2264
35032
2265
2266
35034
2269
35037
67807
2270
67817
2281
2282
2283
2286
2287
35059
2293
2294
2295
2297
35065
2298
2299
67834
2300
67836
2302
35070
67839
2303
2304
67842
2309
2311
2312
2313
2314
35083
2317
67859
2322
35091
67858
2324
2325
67863
67862
35095
2327
35096
67864
35097
2330
2331
2332
2333
2334
35102
67870
2336
2337
35106
2339
2340
35109
35111
35113
35114
35115
35117
67887
35118
35119
67891
35122
35124
35128
35129
67899
35130
35135
35137
67909
2375
35144
35145
67917
2384
35153
35155
2389
2391
35159
35161
67931
2395
2399
35171
35177
35178
35180
35187
35188
35190
2422
2424
35192
35193
2426
2428
2429
2434
2436
2437
2438
2443
35216
2448
35218
35220
2453
2454
2458
35226
35227
2459
2460
2464
2465
2466
2467
2468
2469
68007
2470
68006
2473
2477
2478
68015
68016
68019
35252
68020
35254
35255
2487
68024
2492
2493
35261
2495
2496
2497
2498
2500
2502
68039
2503
2504
68046
68053
68052
68057
35291
2523
2524
68061
35293
2528
35297
35299
2532
35301
2533
35303
2535
35304
2541
2543
68080
35313
2546
68082
68084
2549
68089
68088
68090
2555
2556
35324
68093
35325
2557
35326
2559
35330
35331
35332
35334
2566
35335
35336
2569
35338
68106
2571
68108
35341
2574
68110
2575
35344
2577
2579
2580
2581
35352
2584
68123
35355
2587
68125
35356
2589
68127
68126
2592
68128
68131
68130
68133
68135
35369
2603
35371
35372
68141
2604
35373
2606
35374
68142
35376
2608
35377
35378
68146
68148
35381
35382
68151
35383
35385
68155
35389
68159
68158
35391
35392
68160
35394
68166
2631
35399
2635
2636
68173
2638
2639
35408
35409
2641
35411
68181
35412
2644
35413
2646
35414
68182
35415
2647
2649
35417
2650
35420
68188
2654
2655
2656
2658
68197
68200
2665
2666
2669
68204
35439
68209
35441
68208
2674
35442
35444
2676
35445
2677
68212
68214
68217
2680
35450
2682
68219
2684
68221
68222
35457
2689
35458
2692
35462
35463
35465
35467
68238
35473
2709
68247
35478
2711
68249
2712
35481
35482
35483
35485
35487
2719
68259
2722
2723
2724
68261
2725
35493
2726
35495
2727
2728
68264
2729
2730
2731
2732
2733
2734
2735
2736
68272
68274
68277
2748
2752
2753
2754
2755
35525
2757
2759
68297
35528
2760
35530
2768
35536
68309
68308
68311
68313
68319
68318
68321
2784
68320
35554
35555
35556
68327
35558
35560
68328
35563
35566
35569
2801
2803
35571
35576
68347
35578
35580
2817
35586
2820
2821
68359
2822
35590
35591
2823
68358
2824
2825
68362
35597
68367
68366
68371
35602
35603
35605
35609
68381
35613
2845
2846
2847
2848
2849
68387
35618
68386
2853
68388
2854
68391
35623
68390
2856
68392
68395
68397
68396
68399
68398
35632
2864
68401
68400
68403
68405
68407
2871
68415
68417
68421
2888
68428
2894
68431
2895
68433
2896
2897
2898
2899
2900
68438
68446
68452
2920
68456
68459
2922
2923
2925
2926
68463
68464
2929
35698
2930
35699
2931
2934
2935
2936
68472
35706
35707
35708
2940
35709
2941
2942
35710
2943
35711
68481
2945
2946
35714
2947
2948
68485
68487
68490
35728
68499
2962
2964
68503
35735
35736
2969
2970
68507
68506
2971
2972
2983
68521
2986
35755
2988
2989
35757
68528
35762
68535
3002
3004
68540
68543
3009
68544
68546
3011
35779
3013
3014
35785
3017
35788
3022
3026
3027
3028
35796
3032
3036
68577
3041
68579
68578
3048
3049
68587
3051
68589
3054
68590
68592
3057
3064
35835
35836
3068
35837
35838
35839
68606
68609
35840
3072
35842
3074
35843
3075
35844
68613
35845
35846
68615
35853
35854
3087
35857
3090
3091
3104
3105
3107
68645
3109
3111
35879
3114
3116
68655
3118
68661
68660
3137
68675
3143
3146
68686
3153
3154
3155
68696
35929
35930
35931
35932
35933
35934
68702
35936
35937
68704
3169
3170
35938
3171
35939
35940
35941
3173
68714
68721
68720
35955
68722
35957
35958
35959
35961
35962
68731
3196
68733
3197
3198
3199
3201
35969
3202
35976
35977
68747
35979
35980
68751
68755
3220
3221
68758
3227
35995
3228
35996
35997
3229
3230
3231
3232
36001
3233
68771
3234
3235
68773
3236
68775
68774
3239
68777
3244
36012
36016
68784
68787
3251
68789
3256
68795
3263
3264
68807
36040
68809
68808
36043
36046
36051
36052
36053
68823
36056
3290
36065
3301
68839
3302
3303
36071
3304
3305
3306
36074
68843
3307
36078
68847
68846
68848
3313
36082
3314
36089
36090
68860
3330
3331
68869
68868
3333
68870
3336
3337
3338
36107
3339
3340
68876
3341
68879
3343
3344
3345
68880
3346
68883
3348
68884
3350
3351
3352
68891
3354
3355
3356
68892
3358
3361
36130
36136
36143
3375
36144
3378
36147
68916
3381
36150
68919
68918
3383
3384
36152
3388
3389
3390
36159
36162
36163
36164
3396
68932
68935
36166
68934
36167
68937
68936
36169
36171
68941
36172
36173
36174
36175
36177
3409
68953
36184
36185
36187
3422
68958
3423
36193
3425
68962
3428
36196
3432
68969
36202
3435
68973
68972
3437
36205
68974
3442
68979
3443
3444
68981
68983
36214
3447
68982
68985
68984
36218
3453
36225
3459
69001
3465
3468
3471
3473
36241
3474
36242
3475
3476
3477
36249
69019
36251
3484
36252
69020
3487
69026
3492
69036
3504
69043
3510
69047
69046
36279
69049
3512
69048
69051
3514
69050
69053
69052
3518
69054
3521
69059
69058
3523
3525
3526
3527
3528
3529
36297
3530
69066
36301
36304
69074
3539
3540
36308
3542
3543
69081
3544
3546
69085
36317
69087
69086
3551
36319
69091
3556
3557
69097
36330
3571
36340
3572
3575
69115
69114
36348
69116
69119
3584
3587
69122
3593
36361
69130
3595
3596
36365
3597
3599
36369
36370
3603
69138
3605
36374
69143
3606
3607
3608
36376
69144
3609
3610
36379
69153
3617
36385
69154
3619
36388
69156
69159
36392
3624
69160
36393
36394
69163
3627
36395
69162
36396
36397
69167
36398
3630
3631
36399
36400
36401
3634
36402
36403
36404
3637
3638
3639
3641
3642
36411
3643
36412
3645
3646
36414
36415
3649
36417
36418
36421
3654
3655
36427
36433
69200
36435
3668
36437
36439
36440
3673
36442
36448
36449
36450
36451
3684
36454
36455
3688
69224
36457
36458
3693
36462
69230
3698
3700
3702
3707
3710
3713
3715
3716
3717
3719
3722
3723
3728
3729
3732
69268
3734
3735
69275
3739
69277
69276
3742
69279
69281
69283
36516
3749
36524
3756
36526
36528
69305
36536
3774
3775
36543
69316
36551
69318
3792
3793
36561
3794
69339
36571
36572
69340
36576
36577
36578
3810
3811
3812
3813
36581
69351
3815
36584
36585
3822
69363
3829
69367
3831
69366
36603
36606
36607
69377
69379
3843
3845
3846
3848
69384
69386
3852
69389
3853
69391
69390
69393
69392
3858
69394
3868
3873
3875
3876
3877
36645
3878
36648
36650
36651
36657
36663
36664
3896
3897
69435
3898
36666
36668
3900
3901
3902
3905
3909
36678
36679
3917
3918
3919
3927
36704
3938
3941
36709
69481
69483
69482
69485
69487
69486
69489
69491
69493
69495
69497
3960
3961
69499
3963
69498
3964
3966
3967
3968
69507
36740
69509
69508
69511
69510
69513
69515
3978
69517
3980
3981
69516
69519
3982
69518
3983
69521
69523
69525
69524
69527
69526
69529
69528
36761
69531
3994
3995
69530
3996
69533
69532
69535
3998
69534
69537
69536
69539
69538
69541
36773
36774
69543
69542
69545
36777
69544
4011
69546
4014
4020
36788
36789
4024
36793
36794
4026
4027
36795
36796
36797
36798
36799
4032
69569
36800
36801
69571
69570
69573
36804
69572
69575
69577
36810
36811
69578
69581
36812
69583
36814
69585
4048
36817
69586
36821
69588
4054
69591
69590
4056
69593
69592
36825
4058
69595
4059
36827
69597
69596
69598
4065
69603
69602
4067
4068
69604
69607
4071
69606
69609
36841
69611
36842
36843
36844
36845
69616
36850
69618
69621
36852
69623
69622
36856
36857
69627
36858
36860
69628
4094
69630
4096
36864
36865
4097
4098
36866
4099
69634
36873
69640
4106
4107
4108
36876
36877
36878
4110
69646
4112
4113
4114
69652
4120
69657
36889
36890
36891
4131
4132
69671
4135
4136
69683
69690
4158
69695
69698
69701
4166
4167
4168
69705
69704
4169
36938
4170
36945
36946
4179
4180
4181
4182
4183
36952
4184
36953
36955
69722
69725
4189
36957
36958
4190
36959
69726
4191
4192
36962
36963
36965
36966
36967
36968
36970
36971
36972
4206
69743
36974
36975
36976
36977
4209
36978
4210
69747
4212
36980
4214
69751
69753
36984
36985
4217
36986
36987
4220
69756
36989
36990
36991
36992
36993
4225
69763
36996
4228
69765
36997
69764
4229
36998
69767
4230
69766
36999
37000
4232
69768
4233
4234
4235
37004
69772
69775
69774
4242
37010
37011
37012
4245
37013
4246
37014
69782
4248
37017
4249
69786
69789
37020
69791
69790
37023
69792
69794
37033
4265
4266
37035
37036
4272
37041
37043
37044
37045
37046
37047
37048
37051
37052
37056
37062
4295
37066
69837
69839
69838
4305
69843
69842
69845
69844
4314
4315
69853
4317
4318
37090
4324
37096
69865
69864
4329
69867
4333
69868
37103
4335
69870
37104
4336
37105
69872
4337
4338
37106
37107
4341
37109
37110
37117
69887
69888
69891
69890
37123
4355
4358
4369
4379
4381
4382
4384
4386
4387
4389
4390
4391
69929
4392
4395
37168
37169
37170
37172
37174
37176
69945
37177
37178
37179
69946
69949
69948
4415
69950
37184
69952
4418
4419
37188
4420
4422
37190
4424
4427
4428
69966
4431
4432
4433
37202
37207
37208
37211
69984
69986
4451
4463
4464
4465
4466
70002
70005
4468
70004
4469
4470
70006
4474
4481
4482
70018
37253
4485
37255
4487
37256
4488
37257
4490
37258
4492
70031
4495
37263
37271
37278
4511
37284
4518
4520
37292
70064
4530
4532
4534
4537
4538
4540
37310
4542
70087
4551
4556
4564
70106
4575
4580
4584
4585
4586
4587
37360
37362
37365
37367
4599
4602
37377
37378
37379
37380
37381
37383
37384
37385
4617
37386
37387
37388
37389
37391
37392
37393
37394
37395
37396
37397
4630
37398
37400
37401
37402
37403
70173
4636
37404
70172
4638
70175
37407
4640
70177
37409
70176
4641
70179
70178
37411
37412
37413
37414
37415
37416
37417
37418
37419
4651
37420
37421
4653
37422
70191
37423
37424
37425
37426
37427
37428
37429
70196
4661
37431
4663
70201
37432
70200
37433
70203
70202
70204
70209
4674
37445
70217
4682
70219
4683
70223
4686
4687
4688
70227
70231
37463
70232
70234
37468
4701
37470
4704
70240
37474
37475
37476
70245
70247
70246
37480
70249
70248
70251
70250
37483
37484
37485
4719
37498
70271
4742
4745
4746
37514
4748
37519
70291
70290
37525
37535
4772
4773
37550
37556
4790
4791
4792
4796
37566
4801
4802
37572
4804
4805
4806
4807
70344
70349
70348
37581
37587
70354
37588
37596
4829
4831
4833
37602
4835
37603
4836
4837
4839
37611
4845
4848
70386
37619
70389
37620
70391
4854
70390
70393
70392
70394
4862
37634
70403
37644
70425
37657
4892
37663
37669
4902
4906
4908
37677
37679
37680
37683
70458
70460
37695
37696
70471
70470
70473
70474
70477
70476
37720
37726
70497
70496
70498
4964
37735
4968
4969
37741
37747
70517
37752
70520
70524
4992
70532
37766
70534
37768
70539
5003
5004
5005
5006
37774
5007
5008
70544
5009
5010
5011
5012
5013
70548
70550
37784
37785
37787
70557
37789
37790
37791
37792
37793
37797
37798
37801
37802
37806
5040
37810
5045
5047
5049
5061
5070
70621
70622
37858
37862
37863
37864
37866
37867
37870
5103
37871
70643
5108
37878
37879
5111
5112
37881
37882
37883
5115
37884
37886
37888
37889
37892
37895
37898
37918
5153
5156
37924
37927
5160
37929
5161
37931
37933
37935
37937
37940
37941
37942
5175
5178
37946
37947
5182
5184
5185
5186
5187
5188
5189
5207
37976
5209
5210
5212
5219
5220
5221
5223
5224
37994
5226
70767
37998
38000
5236
38005
5238
38012
38015
5248
38020
5255
70790
5256
38024
38026
38027
38028
5263
5265
70800
38035
38039
38043
5279
38047
38048
5281
38050
70819
5283
38052
5285
38053
70823
5286
5287
5288
38056
38057
70824
5289
38058
5290
70826
5291
5292
38062
5294
70831
5295
38063
5296
5297
38066
38067
38068
38071
38072
38073
70843
38074
38076
5312
5313
5315
5316
38084
70853
5317
38086
5319
38088
5320
5321
38090
5323
38091
5324
38092
5325
70863
5328
70867
38099
5331
38100
38101
70871
5340
70876
38111
70881
70882
5352
5353
38121
70893
5359
38129
70907
5373
70913
70912
5383
5385
5388
5389
70937
70939
70938
5403
5404
70940
70947
5412
5413
5414
70950
5415
5416
70953
5417
70952
5418
5423
5424
70965
38197
38198
70967
70966
5433
70968
5436
38210
38218
70987
70986
38221
38227
5459
5460
5461
38229
5462
5466
5468
5469
5471
71006
38242
71013
38247
71014
38248
38249
38252
38253
5486
38257
5489
38264
5497
5504
38272
38278
38280
5531
5532
5533
5534
5539
71077
5541
5542
5544
71080
5545
5546
38314
5547
5550
71091
38324
71092
5561
5562
38335
71102
38337
71104
38338
71107
38339
71109
38341
38342
71111
38343
71113
71112
71115
71114
5579
38348
71117
38349
71116
71118
38355
38359
71128
5593
38363
5595
38364
71134
5606
5607
5610
5612
38387
71159
38392
71161
71162
71168
5637
38406
71175
38407
71177
5640
71176
5642
38410
5643
5644
38414
5647
38416
5649
71187
5651
71186
5652
38420
71189
5653
5654
38423
5655
38424
5656
5657
38425
5658
38427
5660
5662
5663
5664
5665
71202
38439
38442
5674
5675
5677
5679
71217
5682
5683
71218
5685
5686
5687
5689
5699
5700
5701
5702
38473
5705
38478
38479
38480
71249
5713
38481
38483
38485
38486
71259
5723
38492
71260
71262
5728
71266
71270
71282
71287
5758
5761
5762
71299
71300
71303
71302
38536
71305
71304
71307
38539
71309
71308
38542
71311
71310
38543
71313
38544
38546
71314
38548
38549
71321
71322
5800
71343
38575
5807
71342
5808
5809
5810
5811
38580
5812
71348
5814
71350
71353
38585
38589
5827
38595
38597
5830
38598
38599
5831
5832
38601
5833
38614
38615
71385
71389
5853
5855
5856
38624
5857
5858
71401
38632
5865
38634
71402
38635
38636
71407
38638
71406
38640
71409
71408
5874
71411
38643
5875
71410
5876
38644
71413
5877
38646
5878
38647
5879
5880
5881
38657
71426
38659
5893
71428
38662
5895
71430
71433
71436
71439
71438
5904
38676
38679
5911
38681
38690
71467
71472
5938
71477
5941
71478
5943
38716
5948
38718
38719
5953
71491
38724
38725
38726
71495
5958
38727
38728
5960
38729
71499
38730
38731
38732
71501
5965
38733
38734
38735
71502
38736
38737
38738
5970
5972
71513
38746
5978
38747
38748
71516
38749
71519
38751
71521
38752
71520
38753
5985
5986
38754
38756
38761
71528
38762
71531
71533
71535
71541
71543
71542
71544
38782
71551
71553
38785
71555
38790
38791
71558
38792
6027
71562
71564
38797
38804
38806
6047
6048
6049
38820
38821
38822
38823
38825
38828
6061
38829
6062
38831
6065
6066
38836
38838
38842
38843
6076
38845
38846
38850
38854
38858
38859
38861
38862
38863
6101
6102
6106
6110
6111
6112
38882
38885
38886
6126
6127
38909
6143
6154
6159
6167
6170
6172
6173
6174
6175
6176
6177
6178
6179
6180
6181
6182
38952
38958
6191
6193
38961
6197
38966
6201
6202
38970
6203
38972
6205
6206
6208
38977
6210
6211
38982
38986
38988
38990
6225
6226
38999
6231
6236
39006
39018
6250
6255
39028
39033
6269
39041
6276
6277
6280
6281
6282
6284
39053
6285
39061
39062
39063
39064
39065
6306
6308
39077
6309
6311
6312
6313
6314
39083
6315
6316
6317
6318
6319
6321
39100
39102
6334
6338
6340
6342
6344
39113
39114
6346
6348
6349
6350
6351
6354
6355
6357
39126
39127
39130
39132
6364
39133
39148
39150
6390
39160
39161
39162
6394
6395
39164
39167
39169
39170
6405
6407
6416
39185
39186
6418
39187
39188
39211
6451
6457
39226
39227
39230
39234
39235
6470
6471
6474
6476
6483
6484
6486
39261
39272
39274
39277
39278
39279
39280
39281
39282
39283
39289
6523
39291
6524
39292
39293
6529
6530
6537
39308
39312
39313
39314
39315
39316
39345
39346
39388
39389
39391
39392
39395
6637
6639
6643
39411
6644
39417
6652
6654
6655
6657
39430
39433
6668
39436
6669
6670
39443
39445
6678
39446
39447
39448
39449
39450
39453
39454
39456
39459
39462
39463
39466
39468
6700
6701
39469
39485
39487
39490
39497
39503
39504
39505
39506
39507
39520
39527
39538
39555
6795
6797
39566
39569
6802
39572
6805
39577
39578
39589
6824
39597
39601
6843
6844
6845
6846
39618
39623
6858
6864
6871
6874
6876
6877
6880
6881
6882
6891
39668
39670
6907
6921
6922
6927
6931
6932
39729
39731
39734
7008
7010
7011
7012
39780
7013
7014
39782
39783
7015
7016
39786
7018
39788
39793
39796
39801
39802
39804
39805
39806
7039
7040
7042
39810
7043
7046
39814
7047
39815
39817
7050
39818
7051
7052
39821
7055
7056
7062
7064
7074
7078
7079
7080
39851
39858
7092
7093
39862
7094
39863
7096
39864
7097
39865
7098
39867
39869
39870
39872
39873
39875
39876
39878
39880
39883
39886
7119
39887
39888
39894
7128
39899
39900
39903
39906
39910
39911
39915
39916
39918
7153
39921
7154
39923
7158
39927
7162
7163
7164
7166
7167
7168
7169
7170
7171
39940
7172
7174
7175
7176
7177
7179
7180
7181
7182
39951
39953
39956
39958
39959
7191
7193
7196
39965
7198
7200
39969
7202
7207
39976
7215
39985
7222
7225
39994
7227
39996
7228
7229
39998
39999
7231
40002
40004
40006
7242
7243
7245
7246
40014
7247
7248
40017
40018
7250
40019
7251
40023
7257
40026
40027
7260
7261
7262
40030
40031
7264
7265
7266
7267
7268
7269
7270
7271
7272
40041
7274
40043
7275
40044
7276
7277
7278
7280
7282
7284
7285
7286
7288
7290
7297
7301
7302
7304
7306
7326
7329
7331
7336
7337
7349
40124
40126
40127
7360
40129
7366
7369
40137
40138
40139
40140
40143
40144
40145
7378
40146
40147
40148
40149
40150
7383
40151
40152
7384
40153
40154
40155
40156
40157
40158
40159
40160
40161
40162
40163
40164
40165
40166
40167
40168
40170
40171
40172
40173
40174
40175
40178
40179
40180
40181
40182
40183
40185
40186
40187
40188
40189
40192
40193
40196
40197
40198
40199
40200
40201
40202
40203
40204
40205
40206
40207
40210
7442
40214
7447
40216
40217
7449
7451
40220
7452
40221
40222
40223
7455
40224
40226
40227
40228
7462
7464
40235
7468
7469
40238
40240
40241
7480
40253
7486
40256
40257
7490
7493
40262
7498
7501
40271
40274
40278
40280
40281
40283
40286
40292
40295
7542
7544
7545
40313
40322
7559
40327
7563
40334
40337
40339
40340
7572
7573
7574
7575
40346
7579
7581
7583
40353
40359
40361
7594
7595
40363
40364
40365
40366
40367
40376
40377
7609
7614
40383
40386
40387
40388
40389
7627
40400
7638
7639
40413
40419
40420
40422
7657
40426
7659
7660
7661
40430
40431
40435
40441
7676
40444
7677
7679
40449
40450
40454
40455
40456
40458
40460
40464
7697
7698
40467
40472
7707
40478
40479
7711
40482
40486
7720
40491
40493
40499
40500
40503
40505
40507
40508
40509
40516
40519
40520
40531
40532
40536
7771
7773
40541
7775
7776
7777
7778
7779
7784
7787
40556
7789
40560
40562
40564
40565
40570
40571
40572
40575
40578
7818
7819
7822
7824
40594
40598
40600
40601
40602
40603
40607
7840
40609
7842
7843
7846
40618
7850
40620
40622
40625
7857
40629
40630
40631
40646
40652
40654
40655
40667
40671
40672
7906
7907
40675
7908
7909
40681
7917
40687
40693
40696
40700
7935
7938
7939
7940
7947
7948
40719
7951
7952
40722
7959
7962
7966
40734
40737
7973
40742
40747
40749
40754
40756
40757
7992
40764
40770
8004
8008
40785
40788
40794
8026
40796
8030
8031
8032
40802
40803
40805
40810
40811
40812
40813
40814
40815
40816
40818
40819
8051
40825
40832
40834
40836
40839
40842
40848
8081
40849
40850
8084
40852
40854
40855
40856
8089
40859
40862
40863
40864
40866
40867
40872
40873
8105
40874
8107
40878
40879
40882
40883
40889
8122
40892
8124
40893
8125
40897
40900
40901
8135
40904
8137
8138
8139
40908
8141
8142
40912
40913
40915
40918
40921
40922
40930
40932
40937
40938
8177
40945
40946
8178
8179
40947
40948
8180
8181
8182
8183
8184
40952
8185
8186
40954
8187
40958
8190
40964
40965
8199
8200
40968
40971
40972
40975
40976
40978
40979
40980
40981
8215
40984
40985
40986
40987
40991
40994
40995
40996
40997
40998
41000
8232
41001
8233
8235
41003
41004
41005
41006
8238
41008
8242
41010
41011
8244
41014
41015
8247
8248
41016
8249
8250
8251
8252
41021
41023
8256
41024
41025
41026
41027
41028
41029
41030
41031
41032
41034
41035
41036
41037
41039
41048
41049
41051
41052
8288
8292
41063
41064
41065
41066
8299
41069
41072
8307
41077
41078
8313
41082
41083
8316
8318
8319
41090
41091
8323
41092
41099
41106
41111
41114
41115
8353
41121
8356
8357
41125
41126
41129
41134
41143
41146
41149
8383
41152
41155
41158
41159
41160
41164
8402
41170
41171
8404
41173
41185
8419
8421
41192
8424
41198
41200
41204
8437
8439
8442
8459
8461
41230
8463
8465
8467
41235
8470
8471
8472
41245
41246
41247
8479
8480
41248
8481
8482
41250
41251
41256
8489
41258
8510
8511
8518
8521
8522
8523
8524
8525
8530
41302
41306
8540
8542
8544
8548
8553
8560
8562
8564
41344
41345
8580
8583
8585
8586
8593
8594
8598
8600
8601
8604
8614
8641
41422
8659
8660
8661
8678
8686
8688
8690
8691
8698
8710
8711
8714
41489
8728
8740
8743
8746
8747
8748
41517
41519
41530
8762
8766
41538
8771
8772
41544
8778
8779
41547
8783
8784
41552
41554
41559
8797
8798
8803
8805
8806
41576
8810
8811
41579
41580
41584
41588
8822
41591
8825
8826
8830
41598
8831
8832
8835
41604
8836
8837
8844
8845
8846
8847
8848
41617
8849
8850
8851
8852
8854
8855
8861
8863
8864
8868
41652
41653
8885
8887
8888
41660
41661
8894
41663
8908
8913
8915
8917
8929
8938
8940
8941
8942
8943
8945
8946
8947
8948
8949
8950
8951
8953
8954
8955
8956
8957
8962
41737
41741
8974
8975
41745
8977
8978
8979
8982
8983
8989
8990
8994
8995
9002
9004
41772
9005
41774
41775
9007
41777
9010
41778
9015
41784
41789
9022
41790
41792
9025
9029
9034
9044
41813
9047
9048
41818
9057
9060
9063
9064
9067
9068
9070
9071
9076
9078
9079
9080
9081
9085
9087
9088
41857
9089
41858
41859
9091
9092
41860
9093
41864
41865
9097
41866
9098
9100
41872
9105
9108
9109
9111
9112
41880
41883
9115
41890
41891
41893
41900
41901
41902
41903
41904
9137
9139
41907
9140
9141
9142
9144
41913
41914
9146
9149
41918
41925
9158
41931
9164
41936
41937
41943
9175
9176
9177
9178
41955
41956
41957
41958
9193
9200
9204
9206
9214
9215
9218
9220
9221
9224
9228
9231
9232
42004
9237
9254
9258
9260
9262
9263
9265
9270
9271
9272
9275
42048
9283
9284
9287
9291
9293
9295
42073
9307
9313
9316
9319
9322
9331
9332
9334
9335
9336
9337
9338
9340
9341
9342
9343
9345
9346
9347
42122
9357
9373
9374
9375
9379
9380
9381
9383
9386
9398
9399
9400
9407
9425
9426
9428
9430
42198
9431
9432
9442
9443
9447
42221
42224
42226
9458
9459
42227
9472
9474
9487
9488
9490
42259
9492
42260
42261
9493
42262
42263
9495
42264
9496
9497
42265
42266
42268
42270
9502
42271
42272
42273
9505
9506
9507
42275
42276
42277
42278
9510
42279
42280
42283
42284
9517
42285
42286
9523
9524
9525
9527
42295
9528
9529
42297
9532
42302
42303
9537
9538
9539
42309
42323
9557
42326
9560
42329
42335
9568
42337
42338
42339
42347
42348
42351
9584
42354
42403
42404
42411
42416
9649
9651
42419
42420
42421
42422
42423
42429
42430
42433
42435
42436
42444
42445
9678
9680
9682
42452
42457
9694
9701
9702
9703
9704
9705
9706
9707
9709
9726
9730
9732
9733
42511
42516
42517
42548
42560
42564
9801
9802
42579
42587
42588
42639
9883
9884
42660
42662
42663
42667
42670
42677
42678
9918
9921
9923
9924
9935
9937
9939
9940
42709
9942
42711
42714
9950
42720
42721
42722
9959
9961
9965
9968
42738
9971
9973
9981
42757
9995
42764
10001
42770
10003
10004
42773
42777
42781
10017
10021
10023
10031
10034
10037
10040
42811
42814
42825
42832
42835
42838
42843
42845
10078
42863
10096
42865
42866
42882
10122
10127
10149
10156
10164
42946
42951
10191
10193
10207
42979
42982
42983
10233
10237
10238
10242
10243
10244
10245
10246
10247
10251
10252
10253
10254
10255
10256
43025
10258
43027
43028
10262
10263
10264
43032
10265
10267
43040
10288
10299
43068
43073
10315
10316
10318
43093
43098
10330
10331
10336
10338
10339
10340
10341
10342
10343
10344
10345
10348
10353
43125
10358
43128
10361
10365
43135
10369
43142
43144
43147
43149
43152
43156
10396
10399
10403
10408
10409
10411
10412
43183
10418
43186
10419
10420
10421
43189
43190
10422
43191
10424
10426
10428
10430
10434
43211
43212
43213
43217
43219
43220
43224
43229
43233
43253
43254
43255
43257
43258
43259
43260
10492
43262
43263
43265
43266
10498
43267
43268
10501
43269
43270
43271
43272
43274
43275
43276
43277
43278
43279
43280
43282
43283
43284
43285
43286
43287
43288
43289
43290
43291
10524
43292
43293
43294
43295
43296
43297
43298
43301
10535
43307
43315
43316
43319
43326
43327
43331
43339
10591
10596
43365
43373
43375
43376
10608
43379
43380
43381
10614
43383
43384
10617
43386
43389
43392
43393
43394
43396
43406
43409
43412
43413
10647
43418
10658
10663
10665
10669
10672
10675
10679
10682
10683
10690
43458
10692
10693
43461
43463
10700
43481
10719
43492
43494
10726
43496
43497
10729
43500
10734
43502
43507
43508
43510
10743
43515
10748
43519
43523
10761
43533
10767
10771
43541
43543
10775
43544
43545
10779
43548
10784
10786
43556
10788
43557
10791
43559
43560
43562
43564
43565
10799
43567
43572
43577
43580
43583
43589
43600
43601
43605
43606
43607
43610
10845
43614
43616
43618
43624
43625
43626
43627
43628
10862
43630
10863
43631
10864
43632
43633
43634
43635
43636
43637
43638
43639
43640
43641
43642
43643
43644
43645
43646
43647
43648
43649
43650
43651
43652
10885
43654
10887
43656
43657
43659
10892
43660
43661
43662
43663
43664
43670
43679
43680
43681
43684
43685
43687
43693
10926
10927
10928
10933
43706
43707
43709
43716
10949
43721
43726
43729
43730
43731
43732
43733
43736
43737
43738
10977
43746
10978
10982
10985
10988
43763
10997
11002
11003
11004
43776
43777
11015
11020
11021
11022
43794
43795
43796
11028
43797
43798
43799
11032
11033
11038
11039
11040
11041
43809
43811
43812
11046
43815
11048
43817
11052
43821
11053
11054
11056
43826
11058
11059
43828
11060
11062
43830
11063
11066
43835
11069
11070
43838
11071
43840
11073
43843
43844
43845
11078
43847
43848
43849
43853
11086
43858
43860
43863
11100
43870
11103
43880
11127
43895
11129
11130
11131
11132
43900
11133
43901
11134
43902
11135
43904
43905
43908
11145
43914
43916
43918
11157
11160
43932
11164
43933
43934
43935
43936
11169
43937
11170
43939
11171
11172
11173
43941
43942
11174
43943
11175
11176
11177
43947
11180
11181
11182
11183
43952
43954
43958
43960
43961
11193
11194
43965
43966
11199
43968
11200
43978
11213
11216
43987
11219
43990
11232
44001
11235
11240
44010
44012
11251
44019
11253
44023
11261
44030
11263
44034
11269
11271
44045
44047
11290
11292
11295
44069
44077
44078
11312
44088
11322
11323
11327
11328
11333
11338
44107
11344
11346
11347
11348
11349
11358
11360
11361
11363
11364
11371
11374
11376
11379
11383
11385
44155
44156
11388
44157
44158
11391
11394
11396
11398
11399
44168
44169
11419
11420
11421
11425
11427
11429
44197
44210
44211
11447
44216
11450
11451
11453
11455
44224
44226
44228
11462
44233
11469
11470
44238
11471
11472
11474
11475
11482
44255
44256
44257
11495
44264
11496
44270
11503
11504
11508
11509
11511
11517
44289
11521
44290
44291
44292
44295
11530
11532
11537
44308
11540
44310
44313
44314
11546
44317
44318
44319
11551
11553
44322
11557
44326
11559
44328
44331
11563
11564
11565
44333
11566
11567
11568
11577
11578
11588
11591
11592
44368
44371
11604
11607
11608
44377
11610
11612
11613
11614
11617
44385
44391
44392
44393
11626
11628
11630
11634
11635
44403
11636
11645
11646
11657
44428
44432
11665
11666
44434
11667
11668
11669
44437
11670
11671
11672
11673
44441
11674
11675
11676
11679
44451
11684
11685
11687
11688
44458
44465
44466
44472
44473
44480
44484
44498
44500
44507
44511
44512
44524
44562
44585
44586
44594
44598
44601
44604
44609
44615
44616
44619
44621
44630
44640
44654
44666
44667
44670
44675
44691
44699
44704
44705
44708
44712
44718
44719
44721
44722
44723
44724
44725
44726
44727
44729
44730
44731
44732
44734
44735
44736
44737
44740
44741
44742
44748
44750
44771
44773
44777
44782
44789
44790
44795
44796
44798
12030
44801
44813
12050
44819
44822
12056
12058
12059
12060
44828
12062
12068
12085
44856
12090
44861
12094
44864
12097
44875
44881
44885
44886
44889
44890
44891
44892
12133
12135
12136
12137
12138
44906
12139
44911
44915
12149
12151
44919
12152
12156
12160
12161
44932
12166
44935
12171
44941
12174
44946
12178
44947
12179
44948
44949
12182
44950
44951
44953
44954
12190
12192
44963
12195
12196
12197
44988
44991
44992
44993
44994
44996
45000
45001
45002
45003
12235
45004
12238
45024
45027
12266
45053
45054
45055
45056
45057
12289
45058
45059
45060
45061
45063
12296
45066
45073
45077
45078
45079
45080
12320
45089
45092
45095
12327
45096
45102
45103
45104
12339
45110
45114
45115
45128
12363
45132
45142
45143
45147
45151
45154
12388
45156
45157
45158
45159
45160
45161
45162
45163
45164
45166
45167
45172
12405
45174
45175
45181
12413
45182
45183
45184
12416
45187
45190
45192
45197
45206
12442
45210
45212
45213
12445
45218
45220
45222
45229
45231
12469
45239
45244
12483
45257
45265
45267
45268
12510
45280
45283
45287
45292
45295
12531
45301
12534
45302
12535
45305
45306
12544
12545
45315
45324
45338
12572
12575
12576
12577
12582
45353
45358
12592
45362
45367
12603
45372
12608
45377
12611
45380
12616
12619
45389
12622
12627
45400
12635
12636
45405
12642
45410
45411
12644
12645
12646
45415
12650
12653
45425
45427
12659
45429
12666
12667
45437
12669
12670
45439
12673
12674
12678
45458
12698
45481
12714
45488
45489
45491
12726
12730
45506
45508
45509
12743
45519
45520
45521
45523
45524
45530
45531
45532
45533
45534
45535
45547
12781
45553
45554
45556
45566
45575
45603
12835
45604
12840
12845
12848
45624
45625
45643
12897
12904
12907
12914
12919
45691
45692
12925
45695
12931
12932
45701
12934
12936
12937
45707
45723
12955
12956
45727
12972
12976
45747
12987
12989
45767
13001
45772
45773
45774
45775
13012
45782
45786
13019
45788
45789
13030
13036
13044
45817
13052
13054
13062
45831
45835
13076
45845
45846
13083
45851
45852
45854
45872
13110
13111
45882
45890
45896
13130
45899
45902
45903
45904
45905
45906
45907
13140
45911
13143
13146
45915
45917
45918
45921
45924
13159
45929
13165
13166
45935
45936
13170
45942
45945
45947
45949
45957
45959
45960
45970
45971
45975
45976
13210
45979
13212
45981
45988
13222
45990
45991
13225
45993
45995
13228
13229
46000
13232
46001
13233
46002
13234
46005
46008
13241
46009
46011
46012
13258
13263
13264
46035
13273
13274
46042
13275
13276
46046
46047
13279
46049
13281
13282
46050
13285
13286
13287
13288
13290
13291
13292
13294
13297
13298
13299
13300
13302
46081
46082
46085
13323
46093
13326
46095
13336
46107
46109
13341
46113
13346
13348
13349
13366
46137
46139
46142
13374
46146
46147
46148
46149
13382
46152
46157
46161
13403
46178
13412
13417
46188
46189
13425
13426
13427
13428
13429
46198
13431
13432
46201
46202
46203
46204
13436
46208
13442
13443
13449
46218
13451
46222
13455
46225
13458
46228
46229
13462
13463
13464
13466
13467
13470
46240
46241
46242
46243
46245
13477
46247
13486
46255
46266
46268
13502
46270
46276
46277
46278
13511
46279
46280
46281
46282
46283
46284
46285
46287
46288
13523
46294
46296
46297
13529
46299
46301
46302
46304
13537
46305
46306
13545
46314
46315
13548
13549
46319
46322
13556
13559
13561
46333
46335
46336
13570
46340
46341
46342
13576
13577
46348
46350
46354
13591
46363
13601
13602
46370
13603
13605
13610
13614
46383
13616
13617
13621
13626
46394
13629
13630
13631
46413
46419
13654
13655
46423
13656
13657
46439
46440
46442
46449
13688
13691
13693
46465
13697
13700
13701
13703
46471
13704
13706
46474
13707
46477
13710
46480
13714
46483
46490
46491
13724
13725
13727
13737
13739
46511
13744
46513
46516
13750
46520
13754
46523
46526
13759
46529
46532
46535
13770
46539
46542
13775
46544
46546
46548
46559
13791
13796
46567
46572
13807
46577
46580
46584
13817
46588
13820
13821
13827
13841
46611
13843
46613
13845
13847
46615
46616
46617
46618
46619
13851
46621
13853
46622
46623
13857
46626
46627
46628
46629
46630
46631
46633
46635
46636
13868
13869
46638
46639
46640
13872
46643
46654
46656
46658
46659
13893
13895
13897
46665
46670
46675
46680
46682
13917
13921
13922
13924
46692
13926
13927
46696
13931
46700
46701
13934
13935
13936
13966
13971
46742
46744
13977
46746
46749
46753
46757
46758
13991
13992
13995
13996
13997
13998
13999
14000
14001
14004
46779
46780
14014
14015
14017
46786
14022
14023
46792
46793
46794
14029
46801
46802
14041
46811
14046
46815
14047
14048
14049
46818
14051
14053
14054
46822
46823
46824
46825
46826
14072
14089
14093
14094
14100
14101
14102
46878
46880
14112
14114
14116
14120
46891
14132
14133
14134
14135
14136
14137
14138
14139
14141
14142
14143
14146
14147
14148
14149
14150
14151
14152
14153
14154
46927
14160
14161
14163
14176
14180
46951
46953
46954
46960
46968
14205
46973
14206
14209
14211
14213
14220
46992
46994
46996
46997
46998
14237
14238
47006
47010
14243
47012
14244
47013
47023
47025
47026
47027
47029
47032
47033
47034
14275
47045
14278
47046
14281
47051
14294
14296
14301
47080
47082
47083
14317
14318
47087
14321
47089
47095
14328
14330
47101
47104
47107
14343
47112
14350
47119
14351
14354
14355
14356
14362
47130
14363
14365
14366
14367
14368
47136
14370
47143
14380
47149
14381
47150
47155
14388
14392
14395
14400
14401
14403
47172
47173
47174
47175
47176
47178
47180
47181
47182
47183
47184
14417
47185
47186
47187
47190
47192
47196
47199
47208
14440
14441
14442
47213
14446
14450
14454
14456
47226
47230
47232
14469
14471
47240
14476
47250
14486
14489
47261
14496
47266
47267
14508
47284
47292
47299
47301
14542
14549
14550
14552
47323
47325
14557
47328
47329
14562
47330
14565
47337
14569
47339
14573
14575
47347
14580
47353
47354
47356
14591
14593
14594
47366
14601
14608
14609
14612
14613
14614
14616
47385
14618
47387
14620
47390
14622
14625
14629
14631
14632
14633
14634
14637
14639
14642
14643
47412
14646
14647
47416
47417
47419
47420
14656
47424
14657
14658
14660
47429
47433
47437
14671
47442
14674
47444
47445
47447
47450
14685
14686
47455
47473
47477
47479
14736
47526
47528
47531
47535
47536
47543
47544
47545
47546
14783
14788
14789
14790
14791
47560
14792
14794
14795
14796
47564
14797
47565
14799
14803
47571
14807
14810
14811
14815
14821
14822
14823
47597
47604
47607
47614
14847
47615
47616
14850
47618
47620
14853
14858
14865
14866
47637
14869
14871
14872
47649
14886
14887
14888
14891
47661
14894
14898
47667
14900
47674
47676
14909
14919
47689
47692
14943
14951
14960
47728
14964
14965
14968
14969
47740
47741
47742
47747
47749
47750
14983
47751
47752
47753
47754
14998
47770
47774
47776
47780
47781
47783
15020
47790
47791
47792
47796
47807
47817
47821
15054
47822
47824
15056
15057
47825
47826
15058
15059
47830
47831
15065
15067
47835
15068
47839
15072
47840
47841
15073
15075
15076
47844
47846
15079
47848
15080
47849
15081
15083
15085
15086
15087
15089
47864
15097
15100
15101
47870
47871
47872
15105
47873
47874
47875
15107
47876
47877
15109
47878
15110
15111
47879
47880
47881
47882
47883
47884
47885
47886
47887
47888
47889
15121
47890
47891
47892
15124
15125
47893
47894
47895
47896
15128
47897
47898
15130
47899
47900
47901
15134
47903
15135
47904
47909
15143
47911
15145
47914
15147
47915
47918
47923
47925
15165
15166
47935
47938
15179
47952
47965
47966
47970
47980
47982
47983
47986
47998
47999
48003
48005
48010
48014
48024
48025
48026
48032
48034
48035
48037
48038
48040
48043
48045
48048
48050
48051
48052
48053
48054
48061
48062
48064
48066
48068
48069
48071
48072
48073
48074
15307
48076
48078
48085
48086
48087
15320
48089
48091
15324
15325
48093
48094
48103
15335
48106
15347
48115
15349
48119
48120
48121
48122
48124
15360
15362
48135
48141
48145
48146
48147
15379
48148
48149
15382
48150
48151
48152
48153
15386
48154
48156
15388
48157
48158
48160
48161
48166
48167
15402
48170
15404
48174
48189
15422
15423
15424
48200
48204
48207
48208
48209
15443
48211
48212
48213
48214
48217
48218
48219
15452
48220
48222
48223
15456
15462
48234
48235
15468
48237
15469
48239
48240
48241
48242
48243
15476
48245
48247
48262
48263
48264
48266
48267
48268
15507
15509
48278
48279
48280
48281
48282
48283
48284
15516
48285
15518
48286
48287
48288
15520
48289
15522
48290
48291
48293
15526
48294
48295
48296
15528
48298
15530
15532
15533
15534
15535
15537
15538
48306
15539
48308
15540
15542
15543
15545
48313
15546
15547
15548
48316
15549
15550
15551
15552
48326
15558
15559
15561
48330
15562
48334
48335
15568
15569
48339
15572
15573
15575
15576
48344
48347
48348
48352
15586
15587
15588
48356
15589
48357
48358
48359
15592
15594
48362
15595
15596
15597
48366
15600
48369
15606
48376
48377
48380
48381
15614
15616
15624
15626
48396
15629
15630
15632
15633
15634
15636
15640
15641
48410
15644
15648
48417
15649
48418
15654
48423
48426
15668
48438
48440
15672
48441
15673
48442
15676
15677
15678
15685
15691
48459
15692
15694
15699
15700
15706
48480
15715
48484
15718
15721
48493
15725
15726
15732
48500
48503
15736
15737
48508
15740
15741
15742
15743
15747
15753
15754
15756
15759
48527
15760
15762
15763
15765
48534
15766
48535
48536
15769
15772
15774
15775
15778
15782
15785
48559
15791
15792
48560
48561
48562
48563
15797
48567
15806
15807
48579
48580
48581
48582
48583
15815
48585
15817
48586
48587
48588
48589
15821
48590
48591
48592
48593
48594
15827
15828
15833
15837
48607
15845
15846
15851
15852
48621
15853
48622
48624
15857
15859
15860
48629
15862
48631
15865
48634
15866
48635
48636
15868
48637
15869
15870
48638
15871
48640
15872
15874
48642
15875
15876
48645
15877
15879
15881
48650
48652
15885
48654
48655
15891
15892
48669
15903
48673
48675
48676
15909
48679
15912
48681
15914
15918
15922
15923
48692
15926
15929
15930
15945
48714
48715
48716
15949
15951
48719
48728
48730
15964
15969
15973
15975
15976
15977
48747
15983
15988
15990
15992
48770
48771
16005
48774
16008
16013
16016
16028
16030
16031
48799
16035
16037
48806
48807
16039
16047
48819
48824
48825
16058
16059
16060
48829
16061
16062
16066
48834
16067
48835
16068
16072
16073
16076
16077
16079
48848
16084
16086
16087
48860
48861
16098
48867
16099
48868
16102
48870
16103
48872
16105
48877
16112
16116
48884
48885
48886
48889
48891
48893
16126
48894
48895
48896
16128
16129
48897
48898
48899
16131
48900
48901
48902
48904
48906
48913
48914
48916
16148
48922
48929
48930
16166
16173
48946
16180
48951
16183
48952
16188
48957
16196
48964
48967
16202
48971
48972
48973
16209
16211
48986
16221
16228
49000
49006
16241
16242
16244
16245
49013
49014
49017
16249
49018
49019
16252
49021
16253
49022
49023
16255
49024
16256
49025
16257
16258
49026
16259
49027
16260
16261
16262
16263
49031
16264
16265
49034
16266
16267
16268
16269
49039
49040
49048
16288
49063
16296
49067
16302
16305
49075
49076
16309
49080
49081
49084
16319
16320
16323
16326
49094
16328
49096
16329
49098
16331
16332
49101
49102
16334
16335
49103
49104
16336
49105
49106
16339
49107
49108
49109
16341
49110
49111
16343
49112
49113
49114
49115
16347
49116
16349
49117
16350
49118
49119
49120
49121
49122
49123
49125
49126
49127
16359
49128
49129
49130
49132
49139
16372
16375
16386
16394
49172
49173
16407
49176
49177
49187
49188
16422
16432
16433
16434
16435
16437
16438
16439
16442
16455
49226
16463
16464
49233
49234
49236
16469
49237
49238
49239
49244
16480
16483
16496
16498
16505
16514
16515
16516
16520
16523
49295
49296
49297
49298
16531
49300
49303
16535
16536
16543
16544
49313
49314
49315
16549
16550
49318
16555
16566
16569
49342
49344
49346
16578
16579
16584
49355
49357
49358
16592
49361
16593
16594
49363
16596
16597
16598
16599
49368
16601
49369
49370
16602
16603
16604
16605
49373
49377
49380
16620
16623
49392
49394
49395
49396
16628
49397
16630
49399
49400
49401
16634
49402
49403
49404
16637
49405
16638
49406
49407
16639
49408
49409
16641
49410
16643
49411
49412
49413
16647
16649
16650
49419
49420
49421
16656
16659
16660
16661
16662
16671
16674
49443
16676
49446
16688
16691
16693
16694
49463
16696
49466
49468
49474
49481
49485
16717
16719
16720
16722
16723
16724
16728
16731
49500
16734
16735
16736
16738
16742
49511
49513
49515
49517
16749
16751
16754
16755
49527
16759
16760
49529
16761
16762
49531
49532
49533
49534
49535
49538
16777
49545
49546
49548
49549
49550
16786
49557
49558
49560
49561
49562
16800
49570
16802
16804
49574
16809
16811
16812
49580
16815
16831
49608
49609
16842
49610
49612
16855
16856
49626
49627
49628
49630
16862
16863
49631
16864
49632
16865
49635
49636
49637
49638
49639
49642
49643
49644
16877
49647
16881
49650
49651
16883
49652
16885
49653
16886
49654
49655
49656
16890
16893
49664
49665
16898
49666
49667
16904
49674
16907
49676
49677
49678
49680
49681
49682
16914
16916
49684
49685
49686
49688
16920
49689
49690
49692
49699
16932
49701
49713
49718
49719
49722
49724
49726
49728
49737
49741
16976
16981
16982
49754
16987
49756
49761
49762
16996
16997
49779
49781
49782
17019
49793
49797
17030
49803
49804
49807
49808
17044
49816
49818
17050
17062
49830
49832
17065
17068
17069
49838
17072
49841
17075
49845
17079
49850
49851
17086
49855
17087
17089
17096
49866
49867
17102
17115
17116
17117
17122
49890
17124
49894
17129
49898
49900
49901
49902
17135
49903
17136
17137
49905
49908
17141
49909
49910
49911
49912
49914
17148
49917
17152
17155
17156
17162
49932
17164
49933
49934
17168
17170
17172
17174
17176
17177
49946
49950
49951
49952
49953
17186
49954
49955
49956
49957
49958
17191
49959
49960
49961
17194
49962
17195
49963
49964
17197
17198
49967
17199
49968
49970
17204
49974
49975
49976
49977
17209
49978
17211
49980
17213
49982
17214
49983
49984
49988
17220
17221
17226
49995
17228
49997
17229
17231
49999
17232
50001
17234
50008
17246
50015
50017
50019
17252
50025
17258
50031
50033
17265
17266
50037
17275
50044
50046
50049
50052
50054
50055
17287
17288
17289
50057
17290
50058
17291
50060
17292
50061
50062
17296
50067
17299
50069
50070
50073
50074
50076
17311
50086
50089
17321
50091
50094
50095
50097
50101
17333
50102
50103
17335
17336
50105
17337
50106
50109
50110
17344
50113
50118
50119
50120
50121
17355
50126
50127
50129
17362
50130
50131
17364
50133
17367
17370
50138
17374
17376
17377
50156
50158
50160
50162
50165
50167
17401
17402
17406
17413
50184
50186
50188
50197
17437
17440
17441
50209
17442
17444
17445
50214
17448
50219
50221
17454
50223
50234
50235
50248
50249
17481
17489
50257
17493
50261
17498
17506
50274
17513
17515
17522
17523
17526
50308
17547
17553
17561
50331
17565
17573
17580
17586
17587
17588
17589
17591
17592
17593
50366
50373
50377
17609
50379
17630
17636
17637
17651
17659
50430
50431
50432
17664
50433
50434
50435
50436
50437
50438
17670
50439
17680
50450
50455
50456
50458
50469
50470
50472
50473
50476
50477
50478
50479
17711
50480
17717
17718
17721
17724
17725
17726
50495
50496
50498
17730
17731
50503
17736
50505
17738
50508
50509
50514
50515
50516
17751
50523
50526
50527
50529
50535
50536
17768
50537
50538
50539
50540
50541
17774
50542
17776
50545
17777
17779
50550
50552
17787
17792
50561
17794
50563
17795
17796
17797
17798
17799
17800
17801
17802
50571
17803
50572
17807
50575
17808
17809
17810
50580
17812
50581
17813
17814
17815
17816
17817
17818
17819
17820
17822
17824
50593
17828
17833
50603
17836
17837
50606
50607
50608
50614
17847
17848
50617
17850
17851
17853
17855
50623
50624
50625
17858
17860
17862
50630
17868
50638
17881
17886
17888
17894
50664
17897
50667
17900
17904
50672
50673
17906
50675
17909
17911
17915
17919
17920
17921
17922
50698
50705
17943
50712
50713
17949
17950
50730
17967
17972
50741
50743
17982
50750
17994
17996
50767
50768
18001
18003
18007
18009
18017
18023
18025
18032
50805
18038
50806
50807
50808
50809
18043
50811
50812
50813
18049
18050
50819
50821
50822
18058
18059
18064
18066
18067
50838
18072
50841
18074
50843
18076
50844
50845
50847
50850
18084
50854
50857
50866
18099
50868
50869
50877
50883
50884
18117
50887
18119
50888
18120
50889
18123
18124
18127
18128
50902
50907
50909
50911
18143
18144
50913
18152
50923
50926
18159
50927
50928
50932
18164
50935
18168
50937
50939
50940
18172
18173
50945
50954
50955
50956
18193
18194
50962
18195
50965
50967
50968
50969
50971
50972
50973
50975
50976
50985
18222
18223
50993
18236
18241
18246
18247
18250
18254
51025
18260
18262
18266
18292
18295
18299
18302
18303
18304
18310
18312
18313
18317
18320
18323
18325
18328
18337
18340
18344
18345
51120
18352
18356
18359
18361
18362
18366
18368
18369
18373
18377
18378
18381
18386
18397
18412
18413
51189
51190
18428
18432
51200
51203
51204
51205
51206
51207
51221
51223
51225
51226
18459
18460
51228
51229
18462
18463
18468
51237
18470
51239
18474
51242
51248
51252
51253
51254
51255
51256
51259
51260
51261
51262
51273
51275
51276
51277
51278
18510
18511
51280
18526
51298
18537
51306
51308
51309
18544
18558
51333
51334
51336
51337
18570
18571
51339
51340
18577
51361
51363
51365
51366
18601
18602
18604
18616
51384
51386
18618
51387
18634
18639
18649
18650
18652
18680
18681
18698
18699
18700
51478
18714
18717
18720
51498
51499
51533
51534
18772
18773
18803
18805
18806
18808
18809
18819
18821
18828
51608
18843
51613
51619
51620
51621
51623
18855
51624
18856
51625
18857
18858
51626
51627
18859
18860
51629
18861
51630
18862
51631
18863
18864
51633
51634
18867
18868
18869
18871
18872
18875
18876
51645
18878
18879
51649
18884
51653
51656
51657
51666
18899
18900
51669
51670
51672
51683
51686
18920
18922
18923
18927
51699
51705
51709
18942
51712
51713
51715
51716
51718
51719
51723
51725
51726
51734
51736
51737
51738
51739
51741
51742
51743
51745
51746
51747
51752
51754
51757
51758
51760
51763
51766
51769
51773
51776
51783
51784
51785
51788
51792
19028
19031
51801
51806
51809
19043
51814
19052
19055
51829
51830
19065
51836
51839
19073
19074
51842
51843
19076
19077
19078
19079
19080
51848
19081
51849
51850
19087
19088
19089
19092
19095
19099
19103
19105
51876
51877
19112
19114
51883
51891
19123
19131
51900
19132
19133
51902
19138
19139
51916
51922
51924
19158
19173
51945
51946
51948
51955
51961
51962
51967
51969
51970
51984
51989
19222
19226
19229
19230
51999
19237
19240
19252
19262
19263
52041
19279
52057
52065
19297
19300
19302
19303
19304
19305
52082
52083
19319
52090
19322
19324
52096
19330
52098
52099
52100
19332
52102
52103
52105
52108
52110
19342
19343
52112
52113
52114
19351
52125
52128
52129
52130
52132
19366
19371
52141
19376
52144
19380
19394
19401
19408
52182
19416
19417
19418
52188
52190
52195
19428
19430
19431
19432
19433
52206
52207
52208
52209
52211
52218
52225
52226
52232
19470
19473
19476
19484
19488
19495
19499
19501
52282
52284
52285
52286
19525
19528
52296
52297
19531
52299
19533
19534
19535
19536
19537
19542
52311
52312
52320
19553
52322
52324
52326
52327
19561
19562
52332
19567
52340
19573
52345
19578
52346
52347
52348
52349
19582
52351
19584
52352
52353
52354
19587
52355
52356
19589
19590
19595
52365
19599
52367
52368
19600
19601
52370
52371
52372
52373
52374
52375
19608
52377
19609
19610
19612
19614
52382
52383
19616
52384
52386
19621
19622
19624
19629
52400
52401
52402
19636
52404
52405
19638
52406
52425
19658
52426
52427
19661
19665
19666
52441
19677
19678
19685
19690
19692
52461
19693
19700
19701
19703
52471
52477
52478
19711
52480
19716
19717
19720
19723
19726
19734
52507
19739
52513
19749
19752
52523
19758
19759
19760
52535
19769
52545
52546
52548
19783
19787
19791
52560
19793
19796
19800
52568
52569
19811
19813
52586
52588
19821
52593
52594
52595
52596
19828
52600
19833
52601
52607
52608
52610
52628
52629
52631
52632
52633
52635
19870
19872
19873
19874
19875
19882
19885
19888
52660
52661
19895
19896
19898
52670
52671
19905
52680
19918
19919
19925
52694
52695
52697
52698
52699
19932
52701
52702
19934
52703
52704
52706
19938
52712
52724
52725
19957
52727
52728
19960
52731
52736
52737
52739
52741
52742
52743
52747
19981
52749
19987
52758
52761
52763
52764
19998
20000
52768
52769
20001
20002
20003
52771
52773
52774
52776
52779
52783
52784
20017
52785
52786
20018
20019
20020
20024
20027
20028
20042
20054
20060
20064
20073
20074
20075
20078
20079
20093
20096
20105
20106
20107
20109
20110
20112
20135
20141
20143
20145
20149
20155
20156
52927
20159
20160
20161
52930
20165
20171
20173
20175
52944
20177
52945
20179
52947
20185
52960
52962
52963
20199
52967
52968
20203
52972
52976
20209
52979
52980
20212
20213
52982
52983
20216
52985
52986
52987
52989
52990
52993
52995
52996
52997
52998
52999
53000
53003
53004
53005
53006
53007
53011
53013
53017
53019
53020
20253
53022
53023
53025
20257
53029
53031
53032
53037
53040
53041
20273
20276
20277
20278
53049
53050
53053
53055
53056
53059
20292
20293
20294
53063
20297
20300
20303
53077
53078
53080
53082
53086
53090
20324
53093
20326
20327
20328
20329
53097
20330
20331
20332
20333
20334
20336
20339
20341
20342
20343
53112
53118
20353
53121
20356
53124
20358
20359
20363
53131
20364
20366
20367
53137
20370
53138
53139
20372
53140
20374
53142
20375
53143
20378
20382
20383
20384
20385
53154
53155
20387
53156
20388
20389
20390
53158
20392
53160
20393
53161
53162
20395
53164
53165
53167
20400
20404
20405
20408
20409
53180
20418
20427
53196
53198
53200
20433
53201
20434
53202
53205
53208
53209
53210
20445
20446
20447
20448
53218
20452
53221
20453
20454
53223
20455
20456
20461
20463
20468
20475
20478
20479
20480
20481
20483
53258
20492
53263
53267
20504
20512
53280
53281
53283
53284
20516
53285
53286
20518
53287
53288
53289
20521
53290
20523
20531
53301
53305
53322
20559
53331
53333
53335
53339
53345
53352
53353
53354
53371
53375
53383
53387
53404
53411
53412
20650
20674
20690
20703
53487
53490
53493
53494
53495
53496
53497
20730
53498
53499
53500
53501
53502
53503
53511
53512
20753
53525
53526
53527
53532
53533
53536
20768
53537
53538
20771
20772
53540
53541
20773
53543
20776
53544
53545
20777
20779
20781
53551
20784
53553
20785
20787
53555
20788
20789
20790
20791
53559
20793
20794
20795
53563
20796
20797
20798
53567
20801
20803
20805
53573
53577
53585
53589
20823
20824
20825
53595
53596
20829
53598
53599
53600
20832
53601
53602
53603
53604
53605
53607
20839
53608
53609
20853
53625
53626
53628
53629
20861
20864
53632
20866
53634
53635
53637
53638
20872
53640
53641
53643
53644
20879
53648
20883
20885
53657
53659
53660
53661
20893
20894
53662
53663
20900
53673
20905
53678
53680
20912
20915
53689
53692
53693
53701
53702
53703
53705
53706
53707
53720
20965
53737
20971
53739
20977
20979
20981
20985
20996
20998
21000
21002
21004
21006
21013
53782
21014
53783
21015
53784
21018
53787
21019
21020
53788
21021
21022
21027
21028
21029
21030
53800
21033
21034
53802
21037
53807
53809
21046
21047
21054
21055
21057
21058
21059
53828
53829
21061
21062
53831
21063
53832
21065
21070
21071
53842
21074
21075
21076
53846
53848
53849
21082
53852
21085
21086
21087
53867
53871
21105
53873
53874
21106
53875
53879
53880
21114
53888
53889
53891
21124
53894
21127
53895
21128
21132
21134
21136
21141
21143
21150
21153
21155
53929
53930
53933
53935
53936
53937
53939
53944
53946
53947
53948
21180
53949
53950
21183
53952
53953
53954
21187
53955
53956
21189
21196
53965
53966
53968
53973
21205
53985
53995
21230
54001
54009
21243
21249
21268
54042
21274
54043
21276
54051
54052
54053
54054
54055
54056
54057
54058
21296
54070
54071
54072
54074
54075
21307
54076
21308
54078
54082
54087
21322
54097
54099
54102
54105
54109
54111
54116
21351
21352
54121
54122
54128
21362
21364
54138
21378
21381
21389
54159
54163
21398
21400
54168
54170
54171
21413
21418
54194
21430
54207
21439
54209
21447
21451
21459
21460
54231
54234
54237
54242
21482
21487
54255
21488
21489
21490
21491
21500
21502
21503
21504
21505
21509
21510
21513
21515
21517
21519
21526
21531
21533
21534
21538
21540
21541
21542
21546
21549
21551
21555
21557
21559
21561
21562
21563
21565
21566
21567
21569
21570
21573
21579
21580
21581
21586
21589
21601
21602
21605
21609
21610
21611
21613
54384
21619
21625
21626
21628
21629
21630
21631
21632
21633
21634
21635
21636
21646
21647
21648
21659
21660
21661
21665
21670
21671
21681
21684
21689
21690
21696
21698
21699
21700
21701
21703
21704
21709
21714
21725
54496
54497
54498
54499
21733
21745
21748
54518
21752
21753
21754
21755
21756
21757
21758
21765
54534
21767
54537
54538
54539
54548
21785
21787
21788
21789
21791
21794
21799
21800
21809
21810
21811
21823
54593
21826
21827
54597
21831
54603
54604
54605
21837
54606
54608
21841
21845
54615
54616
54621
54622
54624
54626
54627
54628
54629
54630
21862
54633
54635
21867
54636
54637
54638
54639
54640
21873
54644
21892
54662
21896
54665
21897
54670
21902
21903
54674
54677
21910
54678
21911
54680
54682
54684
54685
21917
54686
54689
21921
21927
21930
21932
21935
54705
54710
54711
21945
54721
54723
54728
54729
21962
21964
21966
54737
21977
54746
54752
54758
21991
21997
21999
54769
22003
22005
22009
22011
54781
54782
22015
54786
22020
22021
22030
54803
22036
54806
22040
22044
22045
54813
22048
54816
54824
54825
22062
22068
22073
22078
54847
22080
22081
22082
22083
22086
22087
22088
22089
22095
22098
54868
22101
22102
22103
54873
54877
22110
22112
22118
22122
22127
22128
54897
22129
54899
54901
54902
54903
22142
22143
54913
54915
54916
54920
22156
54924
22158
22160
22166
22170
22171
22176
22184
22190
54959
22197
22199
54974
54975
54976
54977
22209
22220
22225
22235
55005
22240
22242
22247
22251
22253
22268
22281
55051
22284
55055
55057
22289
22290
55060
55061
22293
55064
55066
55068
22303
55076
22308
55077
55084
55085
55087
22320
55089
55091
55092
55093
55094
55095
22329
55098
55099
55100
55102
55103
22336
55104
22338
55106
22341
55118
55120
55124
22360
22361
22371
55140
22375
55146
55157
22392
22393
55161
22406
22408
22413
22434
22435
55205
55207
55209
22441
22447
55217
22449
55218
22450
55219
22452
22453
55224
55225
22457
55226
22459
55227
55228
22460
22461
22462
22465
55233
55234
22467
22468
55237
55238
22470
22471
22473
22474
55243
55244
22477
22484
22487
55260
55266
22505
22506
22507
22508
22509
22510
22511
22512
22515
55283
55285
22518
55286
55287
55288
22520
22521
55290
22523
55292
22524
55293
22526
55294
22527
22529
22530
22533
55302
22535
22536
55305
22538
22540
55310
22544
22545
55313
22546
22547
55316
22549
55317
55318
22550
55319
22552
55320
22553
55322
22556
55326
22558
22559
22562
22564
22565
55333
22567
55340
22572
22573
55346
22582
22584
22587
22588
22589
22590
22592
22593
22595
22596
55365
22598
22599
55367
55368
55369
22601
22602
22604
22605
22607
22608
22612
22614
22616
22622
22623
22625
22626
22628
55399
22631
55401
22634
22635
22637
22638
22640
22641
22643
22644
55416
55417
55418
22652
22654
55422
55423
22657
55425
55426
55427
55428
22661
55430
22663
22666
22669
22670
55443
55444
22680
22681
55449
55451
22684
55452
22685
22691
22692
22695
22696
22698
55467
22700
55468
55470
22703
55471
55472
55474
22707
55483
55484
55485
22718
55486
55487
55488
22720
55489
55490
22726
55495
55499
55500
55501
22735
22736
22742
22743
55512
55514
55515
22748
55517
55518
22750
22751
55519
55521
22754
55522
22756
22758
22759
55527
55528
55529
22761
22762
55531
22765
55534
22766
55535
22767
22770
22774
22781
22797
22799
22800
55568
22802
22803
22805
22807
22808
22809
55579
22811
22813
22819
22820
22824
22831
22833
22837
22838
22843
22844
55615
22856
22858
22859
55629
22864
22865
22867
22874
22881
22886
22891
22897
22903
22904
55682
22923
22924
22926
22927
55703
55705
22937
55706
22939
55717
22951
22952
22954
22955
22961
22969
22970
22975
55750
22984
22990
22991
22993
55768
55770
55771
23003
55774
55775
23009
23015
55789
55791
23024
23025
23028
55810
55811
23044
55812
55814
55815
23048
55816
23064
23066
23069
55837
23082
23098
23099
23101
55873
55874
55875
55876
23108
55877
55878
55879
55884
55889
55891
55892
55895
55897
23129
23130
55899
55901
23136
55904
23137
55906
23141
55915
55917
23155
23156
23157
23161
23162
23165
55934
23170
55939
23174
55943
55944
23180
55949
55950
23183
55951
23184
55952
23186
55956
55957
23190
55958
55964
55965
55968
23202
55971
55985
23219
23224
23225
23227
23230
23231
56000
23233
56003
56011
23253
23255
23257
56026
23261
23262
56033
23265
23272
23276
23282
56051
23283
56052
23286
23287
56068
56069
56072
56073
56074
23308
56076
56077
56078
56080
56083
23315
56084
56085
23317
23318
23321
23322
23324
23325
23327
23328
56099
23333
56103
56105
23338
56106
23341
56110
23342
23343
56117
56119
56124
56125
23357
23358
23360
23361
56136
23368
56137
23372
23374
23376
23377
56148
56149
23383
23385
56154
56155
23388
56157
56158
56159
23392
56161
56162
56163
23396
23397
56165
23399
23402
23404
56178
23426
23429
23430
23433
56202
23435
23436
56209
23449
56217
23452
23455
23457
23458
56226
23460
23462
23464
23465
23467
56237
56238
56239
56240
56241
23473
56243
56244
56246
56254
23487
56255
23489
23496
23497
56266
23499
23506
23507
56277
23510
56278
56281
56282
56283
56285
56286
56287
23519
56289
56291
56293
56294
56295
23527
56296
23528
23533
56306
56307
56311
23548
56316
56317
56318
56319
56320
23554
56322
23556
56329
56330
23573
23577
23581
56360
56362
56364
56368
23602
56373
56375
56376
56378
56387
56389
23624
23631
56400
56401
23637
56408
23640
56409
56411
56416
23651
23652
56421
23653
23654
23655
56423
23656
23658
23659
23660
23661
23662
23663
23664
56432
23665
23666
23668
23671
23672
23673
23674
23675
56443
23676
23677
56445
23678
56446
23679
23680
56448
23681
23682
23684
23686
23687
23688
56456
23691
23692
23693
56462
23695
56463
23696
23697
23698
56467
56470
23702
56471
23703
23704
56472
23706
56475
56477
23710
56478
23712
23715
56485
23718
23719
23721
56490
23723
56491
23724
56492
56493
23725
56494
23726
56495
23728
23729
23730
23731
56500
23733
23736
23737
23739
56508
23740
23741
23742
23743
23744
23746
23747
23749
23750
23752
23753
56521
23754
56522
56523
23756
56525
23757
23758
56526
56527
23759
23761
23762
23763
56531
23764
23765
23766
23769
23770
23771
56540
23774
56543
23776
23777
56545
23780
56549
23782
56551
23783
23784
56552
56553
23785
56554
56556
23788
56559
23791
23792
23793
23794
56563
23797
23798
23799
56568
23800
23801
23802
23803
23804
23805
23808
23809
23811
23813
23814
23816
23817
23819
23821
23823
56592
23824
23825
56594
23827
23828
23829
23830
23832
23833
23836
23837
23839
56608
23841
23842
23843
56613
56614
23848
23849
23850
23851
23853
23854
56622
56623
23855
23859
23860
56630
23863
56634
23869
23870
23871
23872
23873
23874
23875
23876
23877
23878
23879
56648
23880
23881
56650
23883
23884
23887
23889
56658
23890
23891
23892
23895
23896
23897
56665
23898
23899
23900
23904
56673
56674
23906
23907
56675
56676
23908
56677
23910
56678
56679
23911
56680
23912
23913
23915
56684
23916
23918
23921
56690
23923
23926
23928
23931
23932
56702
23935
23937
23938
23939
23943
23945
56714
23947
23948
56717
23950
23951
56720
23952
56721
23953
23954
23955
23956
23957
56727
23960
23961
56732
56733
23965
23966
23967
56735
23968
23969
23970
23971
56740
56741
23974
23975
23977
23979
23980
23981
23982
23983
56751
23985
56754
23986
23989
23990
23991
23992
56762
23994
23997
24000
24001
56771
24003
56773
24005
24007
56776
24009
56780
24013
24024
24025
56800
56802
56803
24036
56806
56809
56810
24044
56814
24049
24055
24056
56826
24059
24060
24062
24063
24065
24066
24068
24069
24072
24073
56841
24075
56844
24079
24080
56848
24082
24085
56853
24086
56855
56856
24088
24089
56857
56858
56864
56865
56866
56868
56869
56876
56879
24113
24114
24119
24120
56889
24122
24123
24125
24126
24129
24131
24132
56902
24134
24135
24137
24138
24140
24141
56911
24146
24147
24149
24150
56921
24154
24157
56926
24159
56932
24164
56933
24165
24168
24169
24171
24172
24173
24174
24175
24176
56946
24178
24183
24184
24186
56955
24187
56956
24189
56957
24196
56964
56966
56968
56970
56971
56972
24204
24205
24208
24211
56981
24217
24223
24226
24229
24231
24232
24234
24235
24238
24240
24241
24244
24249
57023
57025
57026
57033
57036
57038
24274
24277
24278
57050
24283
57052
57054
57055
57059
57061
24295
57064
24296
57065
57068
57070
57071
57079
57085
24318
57089
24322
57090
57091
24323
57094
57096
57101
24335
24336
24341
57112
57118
57120
24352
24353
57124
24356
57129
57130
24365
57139
57141
57147
57148
24387
24388
57156
57160
24398
57166
57179
57184
24416
24417
57187
57192
24425
24426
24433
57205
24437
57206
24439
24440
57211
24461
24462
24464
24465
24467
24468
57238
57240
57243
57247
57249
57251
57252
57254
24486
24487
57256
57257
57265
57268
24501
57269
57271
57279
57283
57290
24522
57293
57294
57296
57310
57318
57322
57329
24561
24562
24567
24568
57337
24572
24581
24582
57360
57361
57362
57363
24596
24597
24601
24605
24606
24608
57380
57381
57384
57391
57396
57399
24647
24657
57427
57430
57434
24671
24676
57479
57480
57481
57483
57484
57485
57486
57487
57489
57490
57491
57492
57494
57495
24733
24734
57503
24735
24736
57504
24737
24739
24741
24742
24743
24744
57513
24745
57515
24748
24749
24751
24754
24755
57523
57524
24757
57526
57527
57528
24760
24761
24763
24764
24766
24767
24770
57539
24772
24773
24776
24778
57546
57548
24781
57550
57551
24784
57554
24787
24788
24791
24794
57566
24798
24799
57571
57572
24805
57577
24813
57582
24814
24816
57584
24817
24823
57592
24825
57594
57596
24829
57598
57599
57600
57602
57603
24837
24838
24841
57611
57613
57620
57625
57629
24862
24863
57634
24867
57637
24870
57639
24871
57640
57644
57648
57651
57656
57657
57659
57660
57661
57662
57663
57666
57675
24907
24909
24910
57684
24918
24919
24921
24922
57692
24924
24925
57694
24927
24930
24933
24934
24945
24948
24949
24954
24955
57734
57735
24974
24977
24979
24980
24981
24987
24989
24991
24992
24994
24995
57764
57765
24997
24998
57768
25000
25001
25003
25004
25006
57790
57791
25024
57792
25025
57794
57795
25027
25028
57797
25030
25031
57799
57808
57827
57829
57830
57831
25063
57856
57857
57859
57860
25100
25101
25109
25110
57881
25113
57887
57889
57892
57893
57897
57900
25134
57903
25140
25141
57912
57920
57921
25153
25164
57940
25172
25173
25175
25176
57945
57946
57948
57949
57951
25184
57954
25187
57955
57956
25188
25190
57961
57962
25196
57964
57966
57967
57968
57969
57972
25204
25206
25207
57977
57985
25218
25219
57993
25225
57995
57996
57997
57998
57999
58000
58005
58009
58011
58012
58018
58021
58022
58032
58038
58039
25280
25281
58049
25283
25284
58054
58064
58066
58077
58083
58087
58088
58089
58090
58094
58096
58097
58098
58101
58104
58125
58127
58129
58130
58140
25373
25374
25375
25377
25379
25380
25382
25383
25389
58160
25392
58163
25395
58165
25399
25401
25402
58172
58175
58176
25419
58188
58189
25428
58201
58211
58212
58213
58216
58232
25471
25472
25474
58245
25477
25480
25481
25484
58252
25487
25488
58257
25490
58258
25491
58260
58262
58266
58280
25514
25517
25518
25519
58293
25533
58307
58309
58314
25547
58315
25548
58317
58319
58320
58321
58336
58340
58345
58346
58348
25587
58360
58361
58362
58363
25595
25596
58367
58372
25625
25627
25628
25633
25634
58418
25652
58424
25659
25666
25668
58441
25677
25688
58459
58468
58479
58485
25721
25722
25724
25725
25730
25731
25736
25737
25739
58508
58509
25747
25748
25752
25754
25755
58525
25766
25768
25770
25774
25775
25776
25777
25778
25779
25780
25782
58551
58553
25785
25788
25789
58557
58558
58559
25791
25795
25797
58567
25800
25801
25803
25804
58577
25810
58579
58580
25815
25816
25818
25819
25822
25825
25827
25830
25831
25833
25834
25836
25837
25839
25840
58609
58619
25852
25853
25854
25855
25860
25862
25865
25866
58635
25868
25869
58641
25879
25882
58652
58654
58655
25888
58657
25895
58663
25896
58665
58671
25904
58672
25905
25907
58679
58684
58687
25919
25922
25923
58692
25925
58693
58694
58695
25937
58709
58711
25952
25954
25955
58728
25961
25965
25968
25970
25971
25976
25977
58756
58757
58763
26007
26008
26009
26014
26015
58794
58795
58799
26031
26032
26035
26039
58808
26040
58815
26047
26049
26050
26051
58819
58820
26052
58821
26053
26055
26056
26059
58827
58828
26061
26062
58831
26064
26065
26067
58835
26068
26071
26082
26083
58853
58854
26088
26091
26092
26094
26097
26098
58866
58867
58868
58869
58932
58938
26177
26178
58951
26186
26191
26195
26196
26198
26199
26201
26202
26204
58980
26212
26219
26220
26226
26234
26235
59003
59006
26249
26250
26252
26253
59028
59029
26265
26270
59038
59048
26289
26290
59062
59069
59070
59071
59073
59074
59077
59078
26312
59080
59081
59082
59083
59084
59085
59097
59099
59100
59101
59102
59105
59107
59108
59116
26349
59119
59120
26354
26356
26362
26363
26365
59140
26374
59142
59143
26375
26377
26378
26383
59153
59174
59178
26418
59192
59196
26432
26433
59202
59206
26438
26439
59207
59208
26449
59221
26456
59226
26466
26469
26470
59242
59246
26481
26482
59250
26489
26490
26496
26497
59265
59266
26499
26503
26509
59293
59295
59306
59307
59308
26553
26554
59323
26556
59324
26557
59327
26559
26560
26562
26565
59333
26566
59335
59336
26568
26569
26571
59341
26574
26575
59345
26578
26581
59350
26583
26584
26586
26587
26589
26593
26595
26598
26599
59385
59387
26622
26623
59406
59408
26656
26658
26659
59430
59431
59432
26672
26673
59450
59460
26693
59462
26694
26702
26703
59474
59479
59483
26726
26727
59495
59497
26732
26733
26740
59509
59510
26743
59512
26746
26776
26778
26779
26781
26782
26785
26789
26796
26800
26803
59574
26807
59601
59603
59605
26842
59610
26843
26845
59613
26846
26848
26849
59621
59625
59626
59627
59628
59629
59630
59631
59632
59633
59634
59635
59636
59639
59640
59641
59642
59643
26879
26888
26890
59660
59661
59662
59664
59665
59668
59669
59670
59672
59673
59674
59676
59677
59678
59680
59682
59684
26920
59689
59699
59708
59709
59713
59714
26952
59723
59724
59725
59733
59742
59757
26991
59759
59763
59777
27010
59781
59786
27018
27020
59797
27030
59801
59802
59803
59805
59806
59809
27048
59817
59828
27065
27073
27075
27077
27081
27082
27083
27084
59855
59857
59858
27092
59861
59864
59865
59866
27101
59872
59873
27105
59874
59887
59889
59890
59891
59894
59896
27130
27135
59930
27170
59939
27189
59960
59961
59998
59999
60000
27236
60004
60006
60008
27243
27250
27255
27257
60029
60030
27262
27264
60051
60053
60056
60059
60062
60063
60072
60073
60083
27317
60092
60095
27333
27352
60126
60127
27363
27368
60151
27395
27401
60171
27411
60179
60180
60182
27415
60183
60184
60185
60186
60187
60189
60190
60191
60197
60200
60205
60206
60207
27442
60210
60211
60212
60213
60214
60215
60216
60218
60219
27455
60227
60236
60237
27482
60251
60261
60266
60268
60272
60274
27513
27514
60285
60289
60290
27531
27534
60304
27542
60323
60324
27557
60326
27560
27563
27573
60345
60360
60367
60368
60369
60371
60372
60373
60374
60387
60389
60392
60395
60399
60401
60406
60407
60408
60410
60411
60412
60413
60416
60419
60420
60421
60426
60436
60438
27679
60461
27695
60473
27709
60480
60481
60482
60483
60485
60488
60495
60496
27728
60507
60508
27745
27747
27748
60541
60542
27775
60543
60549
27787
27790
60561
60562
60563
27796
60566
27802
27803
60574
27807
27809
27810
27811
27814
27817
27819
27820
27822
27824
60596
27836
60606
27838
27839
60607
27841
60609
27848
27850
27853
27854
27858
27859
27860
27867
27869
27872
27874
27875
60643
60644
60645
27877
27878
27879
27881
27882
27883
60651
27884
27885
60653
27886
27887
27888
60656
60660
60661
60663
27897
27901
27903
60674
27908
27910
27913
27914
27917
60688
27921
60691
27924
27927
27929
27936
27937
27942
27944
27945
27947
60721
60722
27954
27969
27973
27976
60752
27987
60757
27993
27995
27997
27998
28000
28001
60770
28007
28015
28022
28024
28036
28041
60818
28060
28066
28074
28079
28080
28082
28083
28085
28086
28090
28122
28123
28124
28127
28129
28143
28145
28147
28148
28150
28152
28154
28159
28163
28164
28168
60939
28171
28174
28175
28177
28179
28189
60958
60959
28193
28206
28208
28212
28216
28218
28221
28222
28223
28225
28232
28234
28235
28236
28246
28247
28248
28251
28256
28264
28267
61037
61044
28277
28282
28283
28285
28292
28294
28295
28296
28301
28305
28306
28307
61075
61076
28308
61077
28309
61078
28310
61079
28311
28312
61082
61083
61084
61085
61086
61087
61088
61089
61090
61091
61092
28324
61093
61094
61095
61096
28328
28329
61097
61098
61099
61100
61101
61102
61104
61105
61106
61107
61108
61109
61110
61111
61112
28344
61113
28345
28346
61115
61116
28348
61117
61119
61120
61121
28361
28364
61137
28374
61143
61157
28390
28392
28396
61167
61168
61170
61171
61172
28404
28405
28406
61175
28408
28410
28411
28418
61186
61187
28419
61188
28421
61189
61190
28422
61191
61192
61193
28425
61194
61195
61196
28428
61197
28430
61200
28432
61201
28437
28438
28439
28440
28441
28442
28443
61216
61217
61219
61220
61227
61228
61234
61235
28473
28476
28479
61248
61249
61250
28482
61255
61257
28489
28491
61259
28495
61263
28497
28498
61267
61269
61270
61272
28504
61273
61276
61279
61280
61281
61283
61284
61285
61286
28518
28519
61290
28528
61297
61298
61301
61302
61303
28535
61304
61309
28541
61310
28562
28563
28566
61335
28568
61348
28580
28582
28587
28590
61361
28594
61363
61364
61366
28598
28603
61373
28608
28613
61382
28617
28618
28619
28620
28621
28622
61390
28623
28624
28625
28627
28628
28629
28630
28631
28632
28633
28634
28635
28636
28637
28638
61407
28639
28640
28641
28642
28643
28645
28647
28648
28649
28650
28651
28652
28653
28654
28655
61424
28656
28657
28658
28659
28660
28661
28662
28663
28664
61433
61434
28667
61438
28672
61440
61441
61444
61445
28678
28680
28683
28684
28685
28688
28689
28691
28698
28700
61468
28701
28703
28704
61473
61474
61475
61476
61477
28709
28710
28711
61479
28712
28713
61483
28717
61486
61487
28721
61490
28722
28727
61495
28733
28734
28737
28738
61507
61512
61519
61520
28759
61528
61529
28762
61532
61533
61534
61535
61538
61539
61542
28776
28778
28779
61552
28788
28793
61564
61565
61566
28798
61568
61571
28806
61583
28817
61593
28826
61596
61602
28834
28837
28843
61612
61613
61616
28858
28859
28860
28861
61636
28869
28870
61644
61646
61652
61655
61656
61657
61658
61661
61663
28897
61668
61669
61674
61677
61680
61682
28914
61686
28924
28927
61701
61702
28934
61703
61706
61707
28939
61708
61709
61710
61711
28947
28948
28950
61718
28952
61720
61721
28953
28955
61725
61726
28968
61741
28973
61742
28974
28975
61746
61749
28982
61750
61751
28984
28989
28991
61760
28995
28999
29001
29003
29010
29019
61787
29021
29023
29028
29031
61800
61802
61803
61805
61806
61809
29042
61814
29046
29047
61817
29052
61822
29054
29057
61826
29058
29059
61828
29061
29062
61833
29068
29071
29078
29080
29081
61853
61857
29089
29091
29092
29094
29096
61866
61867
29100
61868
61869
61870
29106
61888
29121
29123
29125
29127
29128
29130
61898
29131
29132
61900
29133
29134
29135
29136
29137
29139
29140
29141
29142
29144
29145
29146
29148
29149
29152
29153
29154
29155
29156
29158
29159
29160
29161
29162
29163
29169
29173
29174
29176
29177
29182
29185
29187
61960
61961
61963
61965
29198
61968
29201
29202
29203
61979
29213
61984
29218
61989
61994
29227
61999
29238
29240
29242
29271
29273
29275
29278
29280
29281
29283
62051
29285
29286
29288
29289
29294
62063
29297
29300
29305
29307
29310
29315
29319
62089
62092
29325
29327
62105
62106
62108
62109
29343
62112
62113
62116
62117
62119
29353
29361
62133
29372
29379
29384
29388
62157
62158
29399
29404
29411
62181
62183
62184
62185
29422
62193
62194
29427
29429
62202
29434
29437
29441
29444
62213
29450
29454
62228
62230
29467
62238
29471
62241
62242
62243
29475
62244
62246
62248
29487
29488
62258
29492
62261
62263
62264
62265
62266
29498
62267
29500
62268
29508
62278
62280
62281
29514
29516
62285
29517
62287
62292
29524
29528
29530
29537
29541
29543
29544
29546
62315
62316
29549
62318
62319
62320
62321
29554
62322
62326
62332
29570
62340
29572
29577
29579
29581
62350
62351
29584
62353
29587
62357
29591
62362
29595
29599
62369
29604
29609
29610
29611
62379
29614
29615
29617
29618
29619
29620
29622
29624
29625
29627
29632
29635
62404
29637
62408
29642
62410
62411
29644
62412
62414
62416
62417
62418
29654
29657
29659
62429
62432
29665
62435
29671
62439
29672
62450
29687
62463
29699
62468
62473
29707
62477
29709
62478
62479
29712
62482
62483
29732
29733
29734
62502
29735
62507
62508
62510
62511
29743
29744
62512
62513
29745
29746
62514
62515
29747
62517
29749
29750
29751
29752
29754
62524
29756
29757
29758
29759
29760
29761
29762
62531
29763
29764
62532
29765
62533
29766
29767
62535
29768
62536
62537
62538
62539
29771
62540
29772
62541
29774
62542
29775
29776
29777
62545
29778
62547
62548
29781
29783
29784
29785
62553
29786
29787
29788
29789
29792
29793
29795
29796
29797
29798
29800
29801
29807
62575
62577
29810
62578
62579
29816
29817
29818
29823
29826
29829
29834
62603
62604
29837
62606
62613
62616
29851
29854
29858
62626
29863
29866
62634
29870
29871
29874
29883
62652
62654
62655
29888
29893
29898
29903
29915
62691
62694
62695
62697
62699
62700
62702
29934
62703
29935
62706
29941
62717
29952
29953
29954
29958
29960
29961
29962
29963
29964
62734
62736
62743
29976
29977
62746
62753
62756
62760
62767
30002
30003
62774
62776
62777
62778
30012
30013
30014
30021
30022
30023
62792
30025
62793
62794
30026
30027
62796
62797
62798
30032
62800
30033
62803
62804
30037
62826
62828
62829
30062
30064
30065
62837
62838
62839
30071
62841
30073
30078
62867
62868
62869
30101
30102
30104
30105
30106
30107
62875
30108
62877
30109
62878
62879
62880
30112
30113
62882
30115
62885
30117
30119
30120
30122
30124
30125
30126
30127
30128
30135
30136
30144
30146
30147
30148
62916
30156
30159
30161
62934
30168
30170
30173
62942
30174
30179
30186
62957
30191
62960
30192
30194
30195
30196
62970
62974
30209
30210
30212
62981
62982
30214
30220
30231
30236
63006
30239
63007
30242
30245
30250
30251
30252
30256
30259
30263
63033
30265
30267
63036
30269
63038
63039
30273
63044
63046
63047
63048
30285
63054
63055
63060
63066
30307
30310
63089
30322
63090
63094
63096
63097
63098
30333
63102
63104
30337
63105
63112
63114
63118
30360
63129
63131
63133
63134
30366
30370
63139
63141
30375
63144
63149
63151
63154
63155
63156
63157
63159
63161
63162
63163
63167
63168
63169
63170
63171
63181
63183
63184
63186
63192
63193
63194
63195
63199
63201
30437
63209
63210
63212
30454
63240
63243
63251
63259
63261
63263
63264
63266
63267
63270
63271
63272
63276
30510
63289
63290
63291
63292
63293
63295
63301
63302
63306
30562
63332
30565
30567
30569
30577
63345
63346
63348
63349
63350
63353
63373
63376
30610
63380
63381
63382
63384
30630
30644
63413
63428
63429
63430
63438
30723
63496
30728
30734
30737
30739
30742
30744
30745
63519
30751
30752
30754
30755
30756
30757
63527
30759
30766
30771
30773
30776
30778
30780
30781
30784
30789
30790
63566
63567
63572
30805
63575
30811
30816
30817
30818
30824
30836
63609
30841
30843
63612
30865
30866
30867
63636
30868
63637
30878
30884
30887
30895
63669
30901
30908
63676
63680
30924
63697
30932
30936
30949
63721
63725
30958
30959
63729
30962
63730
63733
63734
30967
63735
63736
30969
63737
63739
30971
30972
30973
63750
30986
30990
30992
30995
30998
63769
31002
63771
63772
31005
63773
63774
31009
63778
63779
63780
63781
63782
63783
31016
63785
63788
63789
63791
31024
31026
31028
63797
31030
63799
63801
63802
31034
63806
63807
63808
31042
63810
63811
31043
63812
31044
31045
63813
31047
31048
31049
63817
31050
63818
63821
63825
31059
63827
31060
63831
63832
63833
63834
63835
63836
63837
63840
63841
31074
31089
31090
31107
31108
63877
63878
63879
63880
31114
31115
31117
31118
31119
31122
63890
63891
31125
63894
63898
63903
31143
31144
63912
63914
31147
31148
31149
63919
31152
31154
31156
31158
63933
63934
31166
31167
63935
31168
63937
31169
63938
63939
63942
31174
63943
63946
31180
63951
63952
31185
63955
31187
63956
31190
63959
63960
31192
63962
63963
63964
31198
31199
31200
31201
31202
31203
31204
31207
31208
31210
31211
31212
31213
63986
63993
31225
31234
64002
64003
64004
31237
64005
64006
64007
64008
64010
64011
64012
31245
31248
64016
64017
31251
64019
31252
64020
64025
31261
31265
31270
31271
31277
31280
31281
31283
31286
31289
31292
31293
31294
31297
31311
31313
31316
31317
64090
64099
64100
31333
64102
64113
31346
31347
64117
64118
64119
31351
31354
31362
64133
31368
64136
64137
64138
31371
64142
31375
64143
64144
64145
31377
64146
64147
31380
64152
64154
64156
31389
31396
64165
31397
31398
31399
64168
31400
64169
64170
64175
64179
64181
64184
64185
64186
64189
31423
31426
64194
31428
64196
31429
64197
31430
31431
31432
64200
31433
64202
31434
31435
64203
64209
64213
64214
31448
64216
64217
31449
31453
31454
64222
31456
64225
64227
64228
64229
31463
31469
31470
31471
64241
64242
31475
64244
31482
64254
31486
31490
64260
31492
64261
31494
64262
64263
31499
31500
64269
31503
64276
31509
31514
31515
64283
31516
64284
64285
64286
64290
31522
64291
64295
31528
64298
31531
64301
31534
64302
31535
31536
31537
64311
31545
31546
64315
64316
64317
31549
31550
31551
31552
31554
64324
31557
31558
64327
31560
31561
64329
31563
31564
31565
31566
31567
64336
31568
31569
31570
31571
64340
31573
31574
31575
31576
31577
64345
64347
31582
31587
31589
64360
31592
31596
64366
31599
64369
31603
31604
64374
31608
31610
64381
64384
64386
31620
31624
31628
31629
31631
64400
31635
31636
31637
64407
64410
64411
31643
64412
64413
64418
64419
31655
31658
31659
31661
31663
31668
31673
31674
31676
31680
31684
31685
31687
31688
31692
64471
31707
64479
31711
31714
31716
31718
31720
31723
64494
31727
31729
64497
64499
31731
31733
31740
31742
31745
31746
31748
64516
31749
31752
64521
31754
31755
64525
31757
31758
31760
31761
31763
64532
31764
64533
31766
31767
64537
64538
31770
31772
64543
31775
64545
64549
64553
31789
64561
31796
31797
31798
64567
31801
31802
64571
31809
31813
64585
64592
31828
64599
31832
31833
64604
31838
64606
31839
64609
31842
31845
31846
31847
64628
64634
64636
64647
64648
64651
31885
64657
64660
31896
31897
31898
64666
31899
31901
31903
64673
31907
31909
64678
31910
31913
31914
64682
31915
31918
31920
64689
64690
31924
64692
31926
31927
64697
31929
31932
64701
64703
64707
64708
31942
31951
31957
31960
64736
31968
31969
64739
31972
31973
64742
64748
31986
64754
31987
64756
31990
64758
31992
64760
64761
64762
31994
31995
31996
31997
64765
31998
31999
64767
32000
32001
64769
64770
32002
32003
64772
32005
64774
32006
64775
32007
32008
32009
32010
32011
32012
32013
32014
32015
32016
64786
32018
32019
32020
32021
32022
32023
32024
32025
32026
32027
32028
32030
32031
64812
32050
64820
64822
32054
32059
32067
64836
64837
32069
64841
32074
32078
64849
32081
32085
32086
64857
64858
32096
32099
32101
32108
64877
64878
64879
64880
32112
64881
32115
32118
32119
32120
64889
64890
32123
32124
64893
64894
64896
64898
32130
64899
64900
32132
32133
64902
32134
64903
64907
64909
64913
64916
64917
64918
32150
64919
32157
32159
64929
32162
64931
64934
64935
32169
32170
64944
32176
32179
64951
64952
32186
32192
64963
32208
32213
32215
64983
64984
32218
64986
32219
32220
64988
32221
64992
64993
64995
64998
32231
65000
65003
32236
65007
65011
65013
32246
65021
65023
65024
32256
32257
65025
65026
32259
65027
65028
65031
65036
65037
32270
65047
32290
65073
65076
32308
32311
65081
65090
65094
32327
65095
32330
65098
32332
32333
32334
32335
32344
32367
32373
32391
32394
32395
65165
32397
65166
65167
32402
32407
32408
32409
65178
32411
32412
32413
32414
32415
32417
32419
65188
32421
65193
65196
65197
65198
65199
32432
32435
32437
32438
32439
65207
65208
32441
32442
65210
65211
32443
65212
32444
32445
65214
32446
32447
32449
65217
32450
32451
32453
32454
32455
65223
65224
65226
65228
65229
32462
65230
32463
32464
32465
32466
32467
32468
32469
32470
65238
65239
32471
65240
32472
32475
32476
32477
32478
65246
32479
32480
32481
32482
65250
65252
32484
65253
65256
65257
32491
32492
32493
65262
65264
32498
32500
65269
65270
32505
32506
65282
32514
32516
32518
65289
32521
65290
65291
32531
32532
32534
32536
32537
32539
32540
32547
65319
32553
32555
32556
65324
65327
65328
65335
65339
32571
65348
65349
32586
65355
65356
65357
65362
32597
32599
65368
32600
32602
65370
65373
32608
65377
32609
65380
32613
65381
32614
65382
32615
65389
32622
65390
32623
32624
32625
65395
65396
32630
32632
65402
32635
32638
32640
65411
32648
32652
65421
32661
32662
32663
65435
32668
32669
65440
65441
32674
65442
32675
32676
65444
32677
65446
65447
32679
32680
32681
65450
32682
32683
65451
32685
65453
65454
32687
65455
32688
32689
65458
32691
32693
32695
65463
65467
32700
65470
32705
32707
65479
65482
65483
32715
65484
32717
65487
65489
32727
32728
32729
65497
65499
32737
65507
65510
65513
65514
65515
32747
65516
32749
65517
65520
32754
65527
65529
65532
